#K,N,L(phi),L(u),L^2(phi),L^2(u),abs(L)(phi),abs(L)(u) 
1,2,nan,nan,0.999999999363458,4.442882936322858,1.2676661563096039,3.1786382480364193
1,3,5.561573710280687e-09,4.5072428608792696e-09,0.9094374917784602,7.273328578520045,1.1731976310486292,4.15461004793405
1,4,nan,nan,1.0792262537615012,7.000469079622055,1.224382191896002,3.9986545360922734
1,5,nan,nan,0.8917784708782421,4.662109987551977,1.189404080315741,3.296277826008965
1,6,nan,nan,1.8338755690464743,12.094242137827887,1.6868438828722705,5.247047942957374
1,7,nan,1.5027049193851016e-08,1.2842046583795528,8.6188462209647,1.413646434635489,4.404011892805104
1,8,1.7113029107148237e-08,6.237512411075783e-08,1.446489990798137,10.152588143081662,1.4864736701723278,4.821644404959895
1,9,nan,nan,1.4088574538075638,9.882922518084534,1.4645544654545242,4.758424454327306
1,10,4.893031540695179e-09,4.86089646120015e-08,1.4148970209539329,9.939579724428745,1.4733583334580853,4.756344313641547
1,11,1.6683474814363188e-08,2.6675784171904325e-08,1.414144591008635,9.933921915300141,1.4722423099115514,4.756658100274759
1,12,nan,1.4570385348536983e-08,1.414219216116106,9.934631433523961,1.4730498407224397,4.754906343862757
1,13,nan,6.029531112037724e-08,1.4142131767366957,9.934584502858135,1.4729767544898833,4.755036746933006
1,14,8.175749396487086e-09,nan,1.4142135849330522,9.934588437351174,1.4730382362076113,4.755030596091881
1,15,2.0527132664076886e-08,4.667989768432099e-08,1.4142135612630542,9.934588249245284,1.4730342980320736,4.755030741646076
1,16,1.3206600867325693e-08,nan,1.4142135633258828,9.934588261279364,1.4730348984577804,4.755037453292657
1,17,1.9801330081317253e-08,2.0466936616953477e-08,1.4142135618262512,9.934588270861306,1.4730348509813098,4.755037140218446
1,18,2.7682645140025313e-08,4.320209015786806e-08,1.4142135624417378,9.934588257808262,1.4730348333767729,4.755037360326039
1,19,1.7979354422616275e-08,nan,1.4142135626901173,9.93458826048351,1.4730348332694732,4.755037353035454
1,20,nan,4.572581288007685e-08,1.414213563812232,9.93458826220362,1.4730348332928889,4.755037353062843
2,2,2.295419680088247e-08,nan,4.0794577263476794,17.935516751093648,3.748711061750133,8.477785491228763
2,3,nan,1.5397659239906165e-08,2.137447554639812,12.132546452820828,2.727831563264101,7.241871083388625
2,4,nan,2.8434963658546392e-08,3.045265575654076,20.934286282146918,3.1038292695189336,9.764042557983545
2,5,6.550162404732731e-09,nan,2.8011041740384406,19.617573088120928,2.984363157388097,9.4344328011242
2,6,3.172465111069971e-08,nan,2.8307299204792558,19.883512570001812,2.971515009105731,9.547628696792207
2,7,nan,2.6903097039137254e-08,2.828291258275496,19.867915406299996,2.9707077484698545,9.541264195431342
2,8,nan,2.5037596713904983e-08,2.8284330689796136,19.869217276477798,2.9705184314599005,9.544370240800427
2,9,1.0752072383064858e-08,nan,2.8284269178318464,19.869174613795447,2.97051752137091,9.544209812992028
2,10,nan,nan,2.8284271280468714,19.869176578253725,2.9704870233642438,9.544327356350093
2,11,1.9408115152516992e-08,1.652193871594571e-08,2.828427120838461,19.869176509597686,2.970487593720344,9.544323617909384
2,12,2.6431323464031225e-08,nan,2.828427120650773,19.869176536590615,2.9704869048397433,9.54432542604516
2,13,nan,nan,2.8284271211655283,19.869176541244723,2.9704869136828806,9.544325391218335
2,14,4.2084407179628426e-08,nan,2.8284271215249475,19.86917653666669,2.9704868979756016,9.544325406929351
2,15,1.568705246638622e-09,2.0842185008486752e-08,2.8284271210298404,19.869176532509755,2.9704868979379144,9.544325404551522
2,16,2.983541916304904e-08,1.505510121366488e-08,2.828427122228981,19.869176538339424,2.970486898623562,9.544325408147198
2,17,nan,1.7884762830814508e-08,2.8284271222269974,19.869176538339424,2.9704868986118282,9.544325408147191
2,18,nan,1.924416806791547e-08,2.828427122226997,19.869176538339545,2.970486898611548,9.5443254081472
2,19,nan,1.864786739250302e-08,2.8284271222269965,19.869176538339538,2.970486898611548,9.544325408147197
2,20,2.364369491036396e-08,2.2066454535373063e-08,2.828427122226997,19.869176538339538,2.970486898611547,9.5443254081472
3,2,2.097600911796953e-08,nan,3.9489443839039704,24.20829723386266,4.436631497469233,12.344795862947542
3,3,1.996421857283891e-08,nan,4.239238441895013,29.19252131048432,4.333320520194602,14.210062675032944
3,4,nan,nan,4.242592927243509,29.76090780466485,4.469357100711639,14.309988785223746
3,5,nan,nan,4.242640066348875,29.801852197675963,4.447318514075067,14.349091679408927
3,6,nan,nan,4.242640683854901,29.803705784577183,4.452374144827202,14.343257165432215
3,7,1.543623009097822e-08,5.3495297022642205e-09,4.242640690740038,29.803763470537916,4.452407865946038,14.342373229316449
3,8,nan,nan,4.242640691132579,29.803764760409596,4.452493448579091,14.342328404059309
3,9,3.6579334817950893e-09,2.5530244913110387e-08,4.24264069170645,29.803764804246565,4.452497716654973,14.342300805065957
3,10,nan,1.9755804251281997e-08,4.2426406912436825,29.80376479781963,4.452498235788556,14.34230211129746
3,11,4.199897762099701e-09,nan,4.242640691983792,29.80376478351718,4.452498257918403,14.342302010401138
3,12,nan,nan,4.242640691908621,29.80376479023384,4.452498262748886,14.342302027652147
3,13,nan,2.2467235137638858e-08,4.2426406905889165,29.803764794175066,4.452498261857421,14.342302030607279
3,14,1.2634252331815408e-08,3.5989354179242e-08,4.242640690688519,29.803764795670045,4.4524982619369995,14.342302030801305
3,15,1.8498728321298505e-08,2.957252621126971e-08,4.242640690713915,29.803764795670848,4.452498262014299,14.34230203081166
3,16,2.0940915537266796e-08,3.0660261464255375e-08,4.242640690713915,29.803764795670844,4.452498262014295,14.342302030811663
3,17,5.507165683725583e-09,1.704802981183174e-08,4.242640690713915,29.80376479567084,4.452498262014294,14.34230203081166
3,18,nan,4.175148633536545e-08,4.242640690713915,29.80376479567084,4.452498262014294,14.342302030811663
3,19,1.3139949541422372e-08,2.965456808444832e-08,4.242640690713915,29.80376479567084,4.452498262014295,14.34230203081166
3,20,nan,3.414330197234814e-08,4.242640690713915,29.80376479567084,4.452498262014294,14.342302030811663
4,2,nan,2.7546556440540267e-08,4.807401684983446,31.59895579988808,5.6298463788317745,17.271217526885774
4,3,9.708163039355074e-09,3.2425481230529114e-08,5.739579863440839,40.09338669125892,5.979298872474952,19.169239843018662
4,4,nan,nan,5.653129062897705,39.70531017960696,5.940601418660309,19.128015737452525
4,5,nan,3.31425859357775e-08,5.6569580230490795,39.73894899013004,5.941200348631498,19.128257286194415
4,6,3.936623269201522e-09,2.8994847657560078e-08,5.6568522832844375,39.73833523741082,5.94103967559577,19.128318334627675
4,7,8.419765977749434e-09,1.867073557315581e-08,5.656854275153482,39.738353269433595,5.940980969843473,19.128312240831146
4,8,1.2241709377313744e-08,3.433004012849566e-08,5.656854244112038,39.73835308528529,5.940981560425064,19.128312550619047
4,9,9.870153998412504e-09,nan,5.656854246200028,39.73835309471323,5.940980671178375,19.128311685501263
4,10,nan,2.4380733064563097e-08,5.656854246369241,39.738353071456494,5.940980676715288,19.128311681041527
4,11,nan,nan,5.656854246703519,39.73835311130739,5.940980678016597,19.12831170597916
4,12,9.525640057166622e-09,nan,5.656854248135561,39.73835310729922,5.940980678866888,19.128311697980518
4,13,nan,nan,5.656854246637401,39.738353107277824,5.940980678070609,19.128311697895366
4,14,nan,nan,5.656854246637409,39.73835310727781,5.9409806780705985,19.128311697895345
4,15,nan,nan,5.656854246637413,39.73835310727782,5.940980678070594,19.12831169789533
4,16,nan,nan,5.656854246637413,39.7383531072765,5.940980678070594,19.1283116978914
4,17,9.504108897844948e-09,nan,5.656854246637413,39.73835310727782,5.940980678070594,19.12831169789533
4,18,7.910515986673874e-09,nan,5.656854246637413,39.73835310727782,5.940980678070594,19.12831169789533
4,19,7.902164630476445e-09,1.8945351577647398e-08,5.656854246637413,39.73835310727782,5.940980678070594,19.12831169789533
4,20,7.913159002460186e-09,nan,5.656854246637413,39.73835310727782,5.940980678070594,19.12831169789533
5,2,nan,nan,7.064166175952193,47.98970875271077,7.438649310040437,23.250650549917275
5,3,1.659025916195148e-08,nan,7.07101874496918,49.60581177064332,7.3948163172166455,23.9229685370073
5,4,1.886665853933616e-08,2.983047145526444e-08,7.071067570536855,49.67135344625265,7.426561999885961,23.901530710645932
5,5,3.3915846643507443e-09,nan,7.071067808884964,49.67291697186621,7.423726545728401,23.907386957480714
5,6,1.312462011595213e-08,3.7514690962060884e-08,7.07106780992633,49.672941064629065,7.424245792913029,23.90625662174848
5,7,nan,nan,7.071067810987286,49.672941320543394,7.424241176415953,23.90623499552622
5,8,1.215229284030899e-08,nan,7.071067810772306,49.67294133358893,7.424243813073048,23.906231405555392
5,9,nan,nan,7.071067810332864,49.67294132855489,7.424243752940739,23.90623100500176
5,10,1.8706592041928964e-08,nan,7.0710678102614555,49.67294132621504,7.424243766091717,23.9062310278634
5,11,nan,5.7197316193849405e-05,7.0710678096693576,49.67294134971482,7.424243765671401,23.906231032631435
5,12,1.8986702209260708e-08,4.374532220500556e-08,7.071067809762379,49.67294133175051,7.424243765675091,23.90623102841165
5,13,1.6643187603972584e-08,2.499694724372697e-08,7.071067809765255,49.672941331756725,7.424243765693627,23.90623102841472
5,14,2.058691076416855e-08,nan,7.071067809765255,49.672941331756725,7.424243765693626,23.906231028414712
5,15,2.496360308576452e-08,nan,7.071067809765255,49.672941331756725,7.424243765693626,23.906231028414712
5,16,nan,nan,7.071067809765255,49.67294133177358,7.424243765693626,23.906231028425218
5,17,nan,1.5950996337960445e-08,7.071067809765255,49.672941331756725,7.424243765693626,23.906231028414716
5,18,nan,1.7654431734535536e-08,7.071067809765255,49.672941331756725,7.424243765693626,23.906231028414712
5,19,nan,nan,7.071067809765255,49.672941331756725,7.424243765693626,23.906231028414712
5,20,nan,3.1535747780291986e-08,7.071067809765255,49.672941331756725,7.424243765693626,23.906231028414712
6,2,2.171234627148419e-08,nan,8.483143222778999,58.565429015293965,8.87665159453415,28.372664698118285
6,3,nan,nan,8.485270320746043,59.57881297122501,8.931500680644382,28.62715245896202
6,4,6.788530221810937e-08,1.557742848462922e-08,8.485281349574487,59.60706409975617,8.911723762507611,28.686219311735627
6,5,3.3249971886804814e-08,nan,8.485281384545099,59.607524680497185,8.91162568628549,28.686105655871444
6,6,nan,nan,8.485281384286992,59.60752954152979,8.911514678143474,28.686591558070315
6,7,nan,nan,8.485281383928987,59.60752959999026,8.911516315707594,28.68658999968984
6,8,1.6171234140161015e-08,4.060760539902024e-08,8.485281384484404,59.60752957689884,8.91151620700001,28.68659221075234
6,9,1.0843356432564828e-08,4.6379187474958245e-08,8.485281384661008,59.607529589950126,8.911516201037742,28.686592167064685
6,10,4.96235892570504e-08,nan,8.48528138627095,59.60752957114125,8.911516203387187,28.686592170793272
6,11,nan,nan,8.485281385484916,59.60752961045286,8.91151620293129,28.686592179059968
6,12,nan,2.1589675848464518e-08,8.485281385683727,59.60752957469102,8.911516202993711,28.686592170483518
6,13,4.3895355610361216e-08,5.5156637372667295e-08,8.485281385683729,59.60752957468602,8.911516202993948,28.68659217048352
6,14,3.2349278384320166e-08,4.527535366388309e-08,8.48528138568373,59.60752957468602,8.911516202993946,28.686592170483518
6,15,4.17075310504013e-08,5.149366852662237e-08,8.485281385683729,59.60752957468602,8.911516202993946,28.686592170483518
6,16,3.104422062223739e-08,2.0197407870353377e-05,8.485281385683729,59.6075295746852,8.911516202993948,28.686592170483515
6,17,nan,6.186550354983955e-06,8.48528138568373,59.60752957468604,8.911516202993948,28.686592170483518
6,18,3.1136846926795744e-08,4.480125492737834e-08,8.485281385683729,59.60752957468602,8.911516202993948,28.686592170483518
6,19,2.6342829852528475e-08,3.522599717312665e-08,8.485281385683729,59.60752957468602,8.91151620299395,28.686592170483518
6,20,nan,nan,8.485281385683729,59.607529574688535,8.911516202993946,28.686592170483518
7,2,2.3144492652380842e-08,5.554730426032606e-08,9.898733702410995,68.8549335598181,10.403652955115302,33.21506765559267
7,3,1.1123536346358044e-08,3.962830392965692e-08,9.899491944287513,69.52831359343718,10.386512908190468,33.482679822228384
7,4,1.334307561220414e-08,nan,9.89949493148045,69.54195483123071,10.395913479534562,33.47164387829407
7,5,nan,6.007542469913891e-08,9.89949493989446,69.54211659583319,10.395375764113702,33.47291708058252
7,6,2.8414899435461178e-08,4.6706643255834316e-08,9.899494939824248,69.54211784525647,10.39544900162332,33.47269101788259
7,7,1.2274563343955295e-08,6.174435825706324e-05,9.899494938910795,69.54211784817744,10.395447687852535,33.472690317958
7,8,nan,2.3654889800838778e-08,9.899494939083915,69.54211785122025,10.395447897727898,33.47268995665668
7,9,nan,nan,9.899494939130486,69.54211785437307,10.395447895230786,33.47268993888944
7,10,nan,4.344333121241426e-08,9.899494937620037,69.5421178502016,10.39544789500994,33.472689939361636
7,11,1.5935599216698698e-08,8.491868909216296e-05,9.899494937578831,69.54211790306172,10.395447895070635,33.472689952179614
7,12,1.5686218431526112e-08,nan,9.899494937578831,69.54211784844907,10.395447895070685,33.472689938958034
7,13,3.1724373461379935e-08,4.2713916706982694e-08,9.899494937578831,69.54211784844907,10.395447895070683,33.47268993895804
7,14,2.2675690292936684e-08,3.994978831615191e-08,9.899494937578831,69.54211784844907,10.395447895070683,33.47268993895804
7,15,nan,2.816513359903677e-08,9.899494937578831,69.54211784844907,10.395447895070683,33.47268993895804
7,16,3.268946695895341e-08,nan,9.899494937578831,69.542117848449,10.395447895070683,33.472689938958034
7,17,2.1315816316025615e-08,5.0232356208672354e-08,9.899494937578831,69.54211784844907,10.395447895070683,33.47268993895804
7,18,2.222747514932958e-08,1.8763728704815901e-06,9.899494937578831,69.54211784844907,10.395447895070683,33.47268993895804
7,19,nan,3.336782927519904e-08,9.899494937578831,69.54211784844907,10.395447895070683,33.47268993895804
7,20,4.162365217710391e-09,nan,9.899494937578831,69.54211784844998,10.395447895070683,33.47268993895804
8,2,nan,6.250298813593743e-08,11.313402675312092,79.00113049289523,11.86296454895546,38.053192965869165
8,3,1.8173670805912772e-08,5.814550378107758e-08,11.31370755577176,79.46944572023715,11.880324591914693,38.25904476142123
8,4,nan,nan,11.313708497905692,79.47664085098963,11.882051921257334,38.25697792620571
8,5,2.177246728547965e-08,4.859094504429455e-08,11.313708498652812,79.47670571923256,11.88216373797173,38.256945329484985
8,6,nan,nan,11.313708499147827,79.47670613216668,11.882172736872105,38.2569443100697
8,7,nan,nan,11.313708500235355,79.47670610631417,11.882173538394706,38.25694577672872
8,8,nan,3.4655631053852946e-08,11.313708498629554,79.4767061366423,11.882173518145333,38.25694570251206
8,9,1.9228289644827414e-08,5.802316507491398e-08,11.313708503904936,79.47670615151102,11.882173521852609,38.25694570768772
8,10,1.2426305581074339e-08,6.395280578679673e-08,11.31370850272916,79.47670616887537,11.882173521131115,38.25694571146867
8,11,nan,9.17445625927992e-08,11.313708502730972,79.47670623847843,11.882173521139046,38.25694573348476
8,12,nan,7.566589558389144e-08,11.313708502730966,79.47670616887243,11.882173521139034,38.25694571146164
8,13,nan,3.690746812961691e-08,11.313708502730966,79.47670616887306,11.882173521139034,38.25694571146235
8,14,nan,7.910611861782684e-08,11.313708502730966,79.47670616887243,11.882173521139034,38.25694571146164
8,15,nan,8.674069998974667e-08,11.313708502730966,79.47670616887243,11.882173521139034,38.25694571146164
8,16,7.1327035005326694e-09,7.308644048278577e-08,11.313708502730966,79.47670616887224,11.882173521139034,38.256945711459835
8,17,nan,4.842323974204565e-08,11.313708502730966,79.47670616887261,11.882173521139034,38.256945711463324
8,18,nan,7.611692370056858e-08,11.313708502730966,79.47670616887306,11.882173521139034,38.25694571146235
8,19,nan,7.263935347130295e-08,11.313708502730966,79.47670616887243,11.882173521139034,38.25694571146164
8,20,nan,5.96403775765884e-08,11.313708502730966,79.47670616887243,11.882173521139034,38.25694571146164
9,2,nan,nan,12.727786309482118,89.06930737459444,13.363804996587053,42.91454013110437
9,3,2.375655411233988e-08,nan,12.727921714377114,89.4071948269383,13.36315674271615,43.04190438691825
9,4,2.6539547181221074e-08,nan,12.727922050404509,89.41126537651279,13.366349993847539,43.03699789004548
9,5,1.9593027055059363e-08,nan,12.727922050524814,89.41129423727885,13.366288641463383,43.03736553444333
9,6,nan,nan,12.72792205174129,89.41129438859566,13.366299546438285,43.03731413843554
9,7,nan,nan,12.727922050124334,89.41129437678848,13.366299281708539,43.037314184713445
9,8,nan,nan,12.72792205103064,89.41129438579904,13.36629930576136,43.03731414672193
9,9,1.0330626208628829e-08,1.6426224608828625e-05,12.72792205207591,89.41129438348055,13.366299306283679,43.03731414519055
9,10,nan,nan,12.72792205190854,89.41129438193411,13.36629930628966,43.03731414502178
9,11,1.8063719029974384e-08,0.00011029323047463536,12.727922051909143,89.41129447107939,13.3662993062927,43.03731416678418
9,12,nan,7.009844208019564e-08,12.727922051909143,89.41129438218137,13.366299306292698,43.03731414505646
9,13,1.7240866735130514e-08,nan,12.727922051909143,89.41129438218137,13.366299306292698,43.03731414505646
9,14,nan,nan,12.727922051909143,89.41129438218137,13.366299306292698,43.03731414505646
9,15,1.3642102366326968e-08,nan,12.727922051909143,89.41129438219797,13.366299306292698,43.03731414506416
9,16,nan,1.6380844185532153e-05,12.727922051909143,89.41129438217943,13.366299306292698,43.037314145055014
9,17,nan,nan,12.727922051909143,89.41129438221348,13.366299306292698,43.03731414506896
9,18,1.5233988480332283e-08,nan,12.727922051909143,89.41129438221327,13.366299306292698,43.03731414506906
9,19,nan,nan,12.727922051907777,89.41129438218137,13.366299306289926,43.03731414505646
9,20,2.919131667740399e-08,nan,12.727922051909143,89.41129438218215,13.366299306292698,43.03731414505768
10,2,1.8998563287924826e-08,nan,14.142070236324347,99.0921583136014,14.821300189014297,47.77705449523017
10,3,nan,4.706234946751615e-08,14.142135484932163,99.34343145860065,14.855936616256603,47.80188121238466
10,4,2.9265157855809656e-08,3.761236609048072e-08,14.14213562169127,99.34586864288939,14.852739040011611,47.81767647923891
10,5,4.178213512652802e-08,nan,14.142135619389736,99.34588259398345,14.852722239892836,47.81760464359282
10,6,6.138068166411287e-08,4.976805675565675e-09,14.142135618538912,99.34588266165781,14.852726101785288,47.81765703844224
10,7,3.116708571464441e-08,1.5895766023387315e-08,14.142135619040946,99.34588263734605,14.852726103571872,47.81765719103741
10,8,nan,4.419914176387964e-08,14.142135619610178,99.34588265718635,14.852726099520847,47.817657276113664
10,9,nan,nan,14.142135620807737,99.34588266245358,14.852726100498458,47.81765727804288
10,10,4.3258060999242e-08,2.3004290764005595e-08,14.142135620873825,99.34588266060695,14.852726100457435,47.81765727769987
10,11,2.7728734382324495e-08,nan,14.142135620873825,99.34588276595122,14.852726100457419,47.81765730384277
10,12,nan,nan,14.142135620873825,99.34588266060712,14.852726100457426,47.81765727770122
10,13,nan,nan,14.142135620873825,99.34588266060712,14.852726100457426,47.81765727770122
10,14,3.571804014803158e-08,nan,14.142135620873825,99.34588266060713,14.852726100457426,47.81765727770122
10,15,nan,nan,14.142135620873825,99.34588266060713,14.852726100457426,47.81765727770122
10,16,3.8686597802583465e-08,8.06132507683014e-06,14.142135620873825,99.34588266060692,14.85272610045742,47.81765727769989
10,17,2.0513531365921688e-08,8.947097367646227e-06,14.142135620873825,99.34588266060739,14.852726100457426,47.81765727770131
10,18,2.0542096681561723e-08,nan,14.142135620873825,99.34588266060715,14.852726100457426,47.81765727770122
10,19,1.3467198399829417e-08,nan,14.142135620873825,99.34588266060713,14.85272610045742,47.81765727770122
10,20,3.7644938572212986e-08,nan,14.142135620873825,99.34588266060712,14.852726100457426,47.81765727770122
11,2,6.003068296374377e-09,7.719627815055954e-08,15.55631547435386,109.08727945998916,16.334829386858484,52.53271698110419
11,3,nan,3.726912398589878e-08,15.556349110146526,109.27893471165099,16.33531518986661,52.60379439751087
11,4,5.2549147184146806e-09,nan,15.556349165948966,109.2804636762515,16.3370299211939,52.60183481090759
11,5,nan,nan,15.556349167033813,109.28047088540919,16.33703831683032,52.6019035121542
11,6,nan,8.071076844937585e-08,15.556349167867175,109.28047091909876,16.337041776201264,52.601886920582075
11,7,nan,4.0388827809682467e-08,15.55634916660142,109.28047091516737,16.33704177590062,52.60188683082258
11,8,2.930549908138706e-08,nan,15.556349166980121,109.28047090795481,16.337041781679737,52.60188681853135
11,9,nan,1.0030934346776014e-05,15.55634916722557,109.28047091526027,16.337041781717915,52.601886820052094
11,10,nan,4.056248613354581e-08,15.55634916709066,109.28047091554251,16.33704178168066,52.60188682012007
11,11,nan,7.869248184319762e-05,15.556349167061887,109.28047103940624,16.337041781663807,52.60188685029082
11,12,3.458581310162077e-08,nan,15.556349167061887,109.28047091554251,16.337041781663807,52.60188682012008
11,13,nan,nan,15.556349167061887,109.28047091554251,16.337041781663807,52.60188682012008
11,14,2.541641250729864e-08,nan,15.556349167061887,109.28047091554251,16.337041781663807,52.60188682012008
11,15,nan,1.9152597925875067e-05,15.556349167061887,109.28047091554542,16.337041781663807,52.60188682012006
11,16,nan,2.1409691063625237e-05,15.556349167061887,109.28047091551156,16.337041781663807,52.60188682011348
11,17,nan,nan,15.556349167061887,109.28047091557077,16.337041781663807,52.601886820126374
11,18,nan,nan,15.556349167061887,109.28047091554251,16.337041781663807,52.60188682012008
11,19,2.6775360756975824e-08,nan,15.556349167061887,109.28047091554251,16.337041781663807,52.60188682012008
11,20,3.0630861536057516e-08,nan,15.556349167061887,109.28047091554427,16.337041781663807,52.601886820127035
12,2,2.2284241197413996e-08,nan,16.970544377661408,119.06469992348312,17.830421913557604,57.32929788117476
12,3,nan,nan,16.97056272115103,119.21405785886954,17.822630597234657,57.385411208113595
12,4,nan,nan,16.97056274741114,119.21505520179478,17.823255508489723,57.385536584725884
12,5,nan,1.7840027893325854e-08,16.970562751861348,119.21505912974756,17.82321252546693,57.385462250785665
12,6,nan,3.5198402105966916e-08,16.97056274800824,119.21505919481572,17.823213897091346,57.385466647519976
12,7,2.5658106147734882e-08,nan,16.970562747456658,119.21505917762433,17.823213861405307,57.38546654916614
12,8,4.469370883339841e-09,nan,16.97056275085195,119.21505918071612,17.823213863734594,57.385466551010836
12,9,1.758585382388777e-08,5.207213050084126e-08,16.97056274976979,119.21505916189346,17.823213862972136,57.38546654777424
12,10,1.156506922796705e-08,nan,16.970562749769527,119.21505916186557,17.82321386301822,57.38546654777527
12,11,1.6024915053756938e-08,nan,16.970562749769545,119.2150593055939,17.823213863018225,57.38546658656828
12,12,1.7933162036363417e-08,4.768786823243172e-08,16.970562749769545,119.21505916186558,17.823213863018225,57.385466547775316
12,13,1.631155559445907e-08,nan,16.970562749769545,119.21505916186558,17.823213863018225,57.385466547775316
12,14,1.6308136151278658e-08,3.214840093053356e-08,16.970562749769545,119.21505916186558,17.823213863018225,57.385466547775316
12,15,1.6311724706945787e-08,9.513260022241779e-08,16.970562749769545,119.21505916186558,17.823213863018225,57.385466547775316
12,16,1.9242204100958807e-08,nan,16.970562749769545,119.21505916186537,17.823213863018225,57.3854665477732
12,17,nan,5.05773411073278e-08,16.970562749769545,119.21505916186564,17.823213863018225,57.385466547776005
12,18,1.631262324896567e-08,nan,16.970562749769545,119.21505916186558,17.823213863018225,57.385466547775316
12,19,nan,6.173352157405679e-08,16.970562749769545,119.21505916186558,17.823213863018225,57.385466547775316
12,20,1.7937423451140772e-08,nan,16.970562749769545,119.21505916186558,17.823213863018225,57.385466547775316
13,2,nan,1.2009818269806486e-08,18.384765790032077,129.03041108123094,19.308859121640715,62.12178318979079
13,3,1.8126592491818557e-08,4.873987561390292e-08,18.384776287215693,129.1489726446553,19.30651576190859,62.167677073225285
13,4,nan,3.463310120030274e-08,18.384776299518794,129.1496451615793,19.307728930065508,62.166296550072786
13,5,2.0864169631363293e-08,7.877654015693211e-08,18.384776299799732,129.14964743672232,19.307735073664468,62.16631236864649
13,6,nan,8.987978654274294e-08,18.384776298258863,129.14964744531852,19.307737579217505,62.16630379371638
13,7,1.0205190218563135e-05,7.860816954505623e-08,18.38477630044745,129.1496474516453,19.307737595759818,62.16630376812793
13,8,4.486775735024056e-09,5.45129327842409e-08,18.384776299736373,129.1496474457368,19.307737597485474,62.1663037622348
13,9,2.757285687598287e-08,nan,18.384776299774476,129.14964744895389,19.30773759760152,62.166303762663574
13,10,nan,4.169901656008706e-07,18.384776299809975,129.14964744880174,19.307737597617887,62.16630376264457
13,11,nan,nan,18.384776299809975,129.14964760432576,19.30773759761788,62.16630379998493
13,12,1.4003670201712297e-08,nan,18.384776299809975,129.14964744881513,19.30773759761788,62.16630376264832
13,13,2.044892318296727e-08,nan,18.384776299809975,129.14964744881513,19.30773759761788,62.166303762648276
13,14,nan,1.3163240604713029e-05,18.384776299809975,129.14964744880893,19.30773759761788,62.16630376264688
13,15,nan,nan,18.384776299809975,129.14964744880874,19.30773759761788,62.16630376264642
13,16,nan,1.5822062835015913e-05,18.384776299809975,129.1496474487988,19.30773759761788,62.166303762642386
13,17,nan,nan,18.384776299809975,129.14964744881317,19.30773759761788,62.16630376264928
13,18,nan,1.4711777655772853e-05,18.384776299809975,129.14964744880845,19.30773759761788,62.16630376264646
13,19,nan,1.162904058623755e-05,18.384776299809975,129.14964744881541,19.30773759761788,62.16630376264828
13,20,nan,nan,18.384776299809975,129.14964744881604,19.30773759761788,62.16630376264938
14,2,nan,9.298387684403392e-08,19.7989836157004,138.98813674033926,20.7753429775643,66.93894942530471
14,3,nan,nan,19.79898987290963,139.08376779036305,20.794346117920046,66.94165637676977
14,4,3.5081714766649035e-08,1.1864388714442101e-07,19.798989878181537,139.08423435695386,20.79376066560561,66.94700878813677
14,5,2.9119932850109034e-08,5.753984345576695e-08,19.798989877790806,139.08423570858403,20.793761766721044,66.94697197774073
14,6,2.8921977090989806e-08,nan,19.79898987773653,139.084235711168,20.7937615746887,66.94698024333151
14,7,3.750792585826711e-08,nan,19.798989879297096,139.08423570057565,20.793761564289607,66.9469802098859
14,8,4.013331021902085e-08,nan,19.79898987814146,139.08423570880623,20.793761563061256,66.9469802191014
14,9,4.489461323797871e-08,nan,19.798989878159666,139.0842357091164,20.793761563097465,66.94698021907217
14,10,6.981055236509314e-08,nan,19.798989878181136,139.0842357093229,20.793761563153996,66.94698021922929
14,11,nan,nan,19.798989878181136,139.08423588134403,20.793761563153996,66.94698026208873
14,12,6.144379577808882e-08,nan,19.798989878181136,139.0842357093229,20.793761563153996,66.94698021922929
14,13,2.6665416035087203e-08,nan,19.798989878181136,139.0842357093229,20.793761563153996,66.94698021922929
14,14,5.3732296008132644e-08,nan,19.798989878181136,139.0842357093229,20.793761563153996,66.94698021922929
14,15,nan,nan,19.798989878181136,139.0842357093215,20.793761563153996,66.94698021922774
14,16,nan,nan,19.798989878181136,139.0842357092417,20.793761563153996,66.94698021920794
14,17,7.160526639243317e-08,nan,19.798989878181136,139.08423570932297,20.793761563153996,66.94698021922929
14,18,4.215361502851258e-08,nan,19.798989878181136,139.08423570932294,20.793761563153996,66.94698021922929
14,19,nan,nan,19.798989878181136,139.0842357093229,20.793761563153996,66.94698021922929
14,20,nan,nan,19.798989878181136,139.08423570953192,20.793761563153996,66.946980219264
15,2,nan,8.614114230373023e-08,21.213199567778585,148.94027104232669,22.27930747494679,71.69971804925505
15,3,nan,6.832576620481402e-07,21.213203430778243,149.0184913873233,22.277422116256126,71.73196780864326
15,4,nan,nan,21.21320343528026,149.0188231274499,22.2783590308853,71.73073488472055
15,5,1.1645100665240671e-08,nan,21.21320343595763,149.0188239661384,22.278355829967744,71.73074377691988
15,6,3.227398512370543e-08,1.4670895038417827e-05,21.213203435807138,149.01882395633046,22.278357544720507,71.7307385007712
15,7,2.7397027452880865e-08,2.2794459448518872e-06,21.213203434810275,149.01882396140684,22.278357544558293,71.7307384734095
15,8,nan,nan,21.21320343536253,149.01882396201435,22.278357545641263,71.73073847182353
15,9,nan,nan,21.213203435247323,149.01882396098205,22.27835754551286,71.73073847150047
15,10,nan,1.4960997081575663e-06,21.21320343526202,149.01882396090727,22.27835754551818,71.73073847148862
15,11,nan,nan,21.21320343526202,149.01882414844215,22.278357545518187,71.73073851682965
15,12,nan,1.4957932373226203e-06,21.21320343526202,149.01882396090727,22.278357545518187,71.73073847148862
15,13,nan,1.4971259970817787e-06,21.21320343526202,149.01882396090727,22.278357545518187,71.73073847148862
15,14,nan,2.9934709503948545e-05,21.21320343526202,149.01882396092486,22.278357545518187,71.73073847149485
15,15,nan,2.993476038284558e-05,21.21320343526202,149.01882396092486,22.278357545518187,71.73073847149485
15,16,9.56169875955135e-09,nan,21.21320343526202,149.01882396085742,22.278357545518187,71.73073847147711
15,17,nan,4.592920597904729e-05,21.21320343526202,149.0188239609406,22.278357545518187,71.73073847150035
15,18,nan,2.4479594044473304e-05,21.21320343526202,149.01882396091676,22.278357545518187,71.73073847149692
15,19,nan,2.5935000833855166e-05,21.21320343526202,149.0188239609216,22.278357545518187,71.7307384714933
15,20,nan,2.685846734748351e-05,21.21320343526202,149.01882396092668,22.278357545518187,71.7307384714951
16,2,nan,nan,22.62741452842917,158.88839909537612,23.765855214802166,76.48890649383226
16,3,4.2900280632016526e-09,nan,22.62741699339949,158.95317067684852,23.76468824500483,76.51412118616508
16,4,3.1435194461455594e-08,1.3719986585350228e-08,22.627416998590853,158.95341169637092,23.764335003655827,76.51380188344413
16,5,nan,nan,22.627416994488847,158.9534121983805,23.76432901201839,76.5137870788286
16,6,2.4395827208914856e-08,2.640453243255055e-08,22.627416997110004,158.95341223607596,23.764328587667098,76.51378668903902
16,7,nan,nan,22.627416995007334,158.95341223408525,23.764328586329054,76.51378667388192
16,8,nan,nan,22.62741699545973,158.95341224139383,23.764328585805224,76.51378667569678
16,9,nan,nan,22.6274169951845,158.95341224480535,23.764328585726336,76.51378667654267
16,10,nan,nan,22.627416995184493,158.95341224480526,23.764328585725995,76.51378667654163
16,11,nan,nan,22.627416995184493,158.9534124518823,23.764328585725995,76.51378673058186
16,12,nan,nan,22.627416995184493,158.95341224480526,23.764328585725995,76.51378667654163
16,13,nan,nan,22.627416995184493,158.95341224480526,23.764328585725995,76.51378667654163
16,14,nan,nan,22.627416995184493,158.9534122448053,23.764328585725995,76.51378667654187
16,15,nan,nan,22.627416995184493,158.9534122448053,23.764328585725995,76.51378667654187
16,16,nan,nan,22.627416995184493,158.95341224472588,23.764328585725995,76.51378667652668
16,17,nan,nan,22.627416995184493,158.95341224480535,23.764328585725995,76.51378667654254
16,18,nan,nan,22.627416995184493,158.9534122448053,23.764328585725995,76.51378667654187
16,19,nan,nan,22.627416995184493,158.9534122448053,23.764328585725995,76.51378667654187
16,20,nan,nan,22.627416995184493,158.953412244806,23.764328585725995,76.5137866765454
17,2,1.2259832759206183e-08,nan,24.04162895015125,168.83359782669444,25.248814205292724,81.27398586093267
17,3,nan,nan,24.04163055997754,168.8878216758816,25.24828283577849,81.29601948343083
17,4,nan,7.033376282427907e-08,24.041630560095033,168.88800014978244,25.248981335666993,81.29506887359584
17,5,1.9423841272441958e-08,9.399596369163708e-08,24.041630561053076,168.8880004990018,25.24897647815726,81.29508305025028
17,6,nan,nan,24.041630561798875,168.8880005062828,25.24897740310734,81.29507982379863
17,7,3.4468560336779064e-08,1.790176699510564e-05,24.041630560743265,168.88800050150994,25.248977400311702,81.29507981716263
17,8,nan,nan,24.041630560219616,168.88800050457047,25.248977400593656,81.29507981690169
17,9,nan,1.0325851271592202e-07,24.04163056009006,168.88800050677284,25.24897740053068,81.29507981734933
17,10,nan,5.6619334271726645e-06,24.041630560107986,168.88800050673376,25.248977400531484,81.29507981735115
17,11,2.870213030898339e-08,nan,24.041630560107922,168.88800072381753,25.24897740053144,81.29507986992084
17,12,nan,8.359733737682897e-08,24.041630560107922,168.8880005067338,25.24897740053144,81.29507981735135
17,13,nan,5.661466752704069e-06,24.04163056009895,168.88800050673376,25.24897740052766,81.29507981735115
17,14,1.3979242149148015e-08,nan,24.04163056009895,168.88800050674737,25.24897740052766,81.29507981735495
17,15,nan,nan,24.04163056009895,168.88800050674735,25.24897740052766,81.29507981735435
17,16,6.909864127971297e-06,nan,24.04163056010568,168.88800050659225,25.248977400530496,81.29507981731909
17,17,nan,3.689905076898923e-06,24.04163056009895,168.88800050679274,25.24897740052766,81.29507981736494
17,18,2.5287291115330875e-08,1.8077747904959166e-05,24.04163056009895,168.88800050675368,25.24897740052766,81.29507981736027
17,19,nan,nan,24.041630560107922,168.88800050674737,25.24897740053144,81.29507981735495
17,20,nan,4.797055677462255e-05,24.04163056009895,168.88800050680533,25.24897740052766,81.29507981736629
18,2,3.0923558129611126e-08,1.1906257033075328e-07,25.455843080764758,178.77661581568964,26.730816193038034,86.07476500907268
18,3,nan,2.3167901875769575e-07,25.45584416120469,178.82245411556224,26.734722476494905,86.07429901745748
18,4,5.361653751279419e-08,nan,25.455844159808674,178.82258852883157,26.73483960777025,86.07613246626252
18,5,nan,9.435725522397281e-08,25.455844159281426,178.82258874764182,26.73484421159672,86.07612442256422
18,6,nan,8.702175539070797e-08,25.455844158779225,178.8225887439897,26.734844174264634,86.0761261123956
18,7,nan,nan,25.455844159977225,178.82258875952365,26.734844176761577,86.0761261151562
18,8,nan,nan,25.455844159508057,178.82258876036062,26.734844176284433,86.07612611691235
18,9,nan,7.319978071653915e-08,25.455844159353187,178.822588760688,26.734844176171528,86.07612611696315
18,10,2.822066287718387e-08,2.0348123519914085e-08,25.455844159353187,178.82258876071197,26.734844176171528,86.07612611696715
18,11,4.782836056662632e-08,nan,25.455844159353187,178.82258899552394,26.734844176171528,86.0761261750823
18,12,1.3734141482245797e-08,1.9823686518406377e-08,25.455844159353187,178.82258876071197,26.734844176171528,86.07612611696715
18,13,nan,8.68505193143205e-08,25.455844159353187,178.82258876071197,26.734844176171528,86.07612611696715
18,14,nan,6.258883103206243e-08,25.455844159353187,178.82258876071197,26.734844176171528,86.07612611696715
18,15,4.7174255070421824e-08,nan,25.455844159353187,178.82258876071197,26.734844176171528,86.07612611696715
18,16,3.037501690906943e-08,nan,25.455844159353187,178.82258876064483,26.734844176171528,86.07612611694232
18,17,nan,5.0878583783790457e-05,25.455844159353187,178.82258876080087,26.734844176171528,86.07612611698254
18,18,nan,nan,25.455844159353187,178.822588760712,26.734844176171528,86.07612611696716
18,19,5.997268859684985e-08,9.726817436659095e-08,25.455844159353187,178.82258876071197,26.734844176171528,86.07612611696715
18,20,8.141298779550788e-08,nan,25.455844159353187,178.82258876111217,26.734844176171528,86.07612611703779
19,2,2.0026811727695138e-08,nan,26.870056941174223,188.7179839394949,28.219368369759508,90.8450599407249
19,3,nan,nan,26.87005767956551,188.7570741117558,28.21913827789018,90.86023095414858
19,4,2.111547908183497e-08,nan,26.870057679644763,188.7571768608744,28.219601428462376,90.8595522159315
19,5,4.082154083340269e-08,3.002290086595397e-08,26.870057681020725,188.75717703670037,28.219597609680868,90.85956383767551
19,6,2.8816243829981757e-08,1.0277914179376167e-07,26.870057680342864,188.75717701939794,28.21959803911866,90.85956205704771
19,7,nan,4.9642892674324155e-08,26.870057680161246,188.75717703052626,28.219598036935885,90.85956206076246
19,8,7.72205724611188e-09,nan,26.87005768042811,188.75717702685904,28.219598037323937,90.85956205941834
19,9,nan,nan,26.87005768050005,188.75717702666364,28.21959803731742,90.85956205939637
19,10,3.3339949383702894e-08,3.870478406987928e-05,26.87005768050005,188.7571770266572,28.2195980373174,90.85956205936748
19,11,1.6770848200737206e-08,2.8096417775663632e-05,26.87005768050005,188.75717727273653,28.2195980373174,90.85956211949521
19,12,2.6932097287375343e-08,3.91166110455873e-05,26.87005768050005,188.75717702665722,28.2195980373174,90.85956205936748
19,13,nan,nan,26.87005768050005,188.75717702670661,28.2195980373174,90.85956205937592
19,14,nan,nan,26.87005768050005,188.75717702674294,28.2195980373174,90.85956205939456
19,15,nan,nan,26.87005768050005,188.75717702655982,28.2195980373174,90.85956205934534
19,16,nan,nan,26.87005768050005,188.7571770265939,28.2195980373174,90.8595620593472
19,17,2.693055906615148e-08,2.584099871819806e-05,26.87005768050005,188.75717702674453,28.2195980373174,90.85956205938157
19,18,1.6765952845732762e-08,3.0472637853497264e-05,26.87005768050005,188.75717702671415,28.2195980373174,90.85956205937592
19,19,nan,4.9929046575465946e-05,26.87005768050005,188.7571770266639,28.2195980373174,90.85956205936748
19,20,4.0166921723322643e-08,1.5641777627887923e-05,26.87005768050005,188.7571770266713,28.2195980373174,90.85956205936802
20,2,nan,9.621293572743154e-08,28.28427072695367,198.65808584137278,29.702654404705996,95.63390193851903
20,3,nan,9.006419476305475e-08,28.284271241960386,198.69168549570247,29.705636135320905,95.64317537326943
20,4,nan,9.009561735722191e-08,28.284271241685882,198.6917652075538,29.705376703099514,95.64262029999857
20,5,nan,nan,28.28427124201628,198.69176529710728,29.70537765537468,95.64261814367772
20,6,nan,nan,28.284271245892935,198.691765223639,29.70537765645066,95.64261797569547
20,7,2.5094409203152297e-08,1.2832812437802285e-07,28.284271244565822,198.69176522391734,29.70537765608833,95.64261797592042
20,8,3.725474274490325e-08,2.4428755077925173e-08,28.284271245604277,198.69176522161126,29.705377656695507,95.64261797499003
20,9,1.7782007074420754e-08,1.1205135316368774e-07,28.28427124582804,198.69176522193243,29.705377656817944,95.64261797506242
20,10,nan,9.57776503276469e-08,28.284271245828034,198.69176522193243,29.705377656817948,95.64261797506241
20,11,nan,nan,28.284271245828034,198.69176548445617,29.705377656817948,95.64261804204926
20,12,nan,1.2042098124168256e-07,28.284271245828034,198.69176522193243,29.705377656817948,95.64261797506241
20,13,nan,1.0417983359085534e-07,28.284271245828034,198.69176522193243,29.705377656817948,95.64261797506242
20,14,nan,1.041124543709064e-07,28.284271245828034,198.69176522193243,29.705377656817948,95.64261797506242
20,15,nan,nan,28.284271245828034,198.69176522193243,29.705377656817948,95.64261797506242
20,16,nan,9.540061167729163e-08,28.284271245828034,198.69176522165785,29.705377656817948,95.64261797498021
20,17,nan,9.973979118685074e-08,28.284271245828034,198.69176522193249,29.705377656817948,95.64261797506367
20,18,nan,9.692548652120685e-08,28.284271245828034,198.69176522193249,29.705377656817948,95.64261797506285
20,19,nan,1.5333527961662868e-07,28.284271245828034,198.69176522193243,29.705377656817948,95.64261797506242
20,20,nan,1.5859239283133156e-07,28.284271245828034,198.69176522193752,29.705377656817948,95.6426179750726
