K,N,h,l2phi,relL2phi,l2u,relL2u,l2divu_f
20,2,0.1,0.4167781255261073,0.001344445566595002,251.3007871611256,0.12901858864379823,5864.153616781513
20,3,0.1,0.02204868913492729,7.112480368125152e-05,251.32734917387188,0.12903222566194994,6133.721735585734
20,4,0.1,0.0008722215748242824,2.8136179841030577e-06,251.32741219162065,0.12903225801545387,6136.855861160978
20,5,0.1,2.7540065358543983e-05,8.883892053665783e-08,251.3274122624143,0.12903225805179958,6136.563936656243
20,6,0.1,8.092539613226454e-07,2.6104966501691334e-09,251.3274122043384,0.12903225802198323,6136.561516559701
20,7,0.1,4.029887674635074e-07,1.2999637663804363e-09,251.32741220455608,0.12903225802209498,6136.561752736229
20,8,0.1,4.0096204646818107e-07,1.2934259567162368e-09,251.32741220273223,0.1290322580211586,6136.561758130633
20,9,0.1,4.008503994168875e-07,1.293065804937768e-09,251.32741220298607,0.12903225802128895,6136.56175769378
20,10,0.1,4.0085039941629643e-07,1.2930658049358614e-09,251.32741220298607,0.12903225802128895,6136.561757693778
20,11,0.1,4.0085039941629643e-07,1.2930658049358614e-09,251.3274124105296,0.12903225812784241,6136.561724046763
20,12,0.1,4.0085039941629643e-07,1.2930658049358614e-09,251.32741220298607,0.12903225802128895,6136.561757693779
20,13,0.1,4.0085039941629643e-07,1.2930658049358614e-09,251.32741220298607,0.12903225802128895,6136.5617576937775
20,14,0.1,4.0085039941629643e-07,1.2930658049358614e-09,251.32741220298607,0.12903225802128895,6136.561757693778
20,15,0.1,4.0085039941629643e-07,1.2930658049358614e-09,251.32741220298607,0.12903225802128895,6136.561757693778
20,16,0.1,4.0085039941629643e-07,1.2930658049358614e-09,251.32741220276898,0.1290322580211775,6136.561757725433
20,17,0.1,4.0085039941629643e-07,1.2930658049358614e-09,251.32741220298618,0.12903225802128898,6136.5617576938175
20,18,0.1,4.0085039941629643e-07,1.2930658049358614e-09,251.3274122029861,0.12903225802128898,6136.5617576938785
20,19,0.1,4.0085039941629653e-07,1.2930658049358619e-09,251.32741220298607,0.12903225802128895,6136.561757693778
20,20,0.1,4.0085039941629643e-07,1.2930658049358614e-09,251.3274122029901,0.12903225802129098,6136.561757695343
19,2,0.10526315789473684,0.43877457079078663,0.001489896675580462,238.7300579953431,0.1290155137336968,5544.756281580355
19,3,0.10526315789473684,0.02442470014106832,8.293616349881562e-05,238.76096028350776,0.1290322140797554,5826.953557770082
19,4,0.10526315789473684,0.001017033930679576,3.4534259119463263e-06,238.76104151381375,0.129032257978583,5830.600466584481
19,5,0.10526315789473684,3.388567066679474e-05,1.1506170010099401e-07,238.76104165281382,0.129032258053702,5830.261802201796
19,6,0.10526315789473684,1.0329049989102076e-06,3.507317484906245e-09,238.76104163913556,0.1290322580463099,5830.2587014149485
19,7,0.10526315789473684,4.53449651576829e-07,1.5397271706285088e-09,238.76104164793153,0.12903225805106347,5830.25895480254
19,8,0.10526315789473684,4.517645938671431e-07,1.5340054126986964e-09,238.76104164503226,0.12903225804949664,5830.258953210881
19,9,0.10526315789473684,4.5181365586172615e-07,1.5341720069078706e-09,238.7610416448779,0.12903225804941323,5830.258954199857
19,10,0.10526315789473684,4.518136226508157e-07,1.5341718941373765e-09,238.7610416448728,0.12903225804941046,5830.258954193864
19,11,0.10526315789473684,4.518136226508157e-07,1.5341718941373765e-09,238.76104183941544,0.12903225815454603,5830.258919226404
19,12,0.10526315789473684,4.518136226508157e-07,1.5341718941373765e-09,238.7610416448728,0.12903225804941046,5830.258954193755
19,13,0.10526315789473684,4.518136226508156e-07,1.5341718941373763e-09,238.76104164491187,0.12903225804943158,5830.258954197079
19,14,0.10526315789473684,4.518136226508157e-07,1.5341718941373765e-09,238.7610416449406,0.1290322580494471,5830.258954175704
19,15,0.10526315789473684,4.518136226508156e-07,1.5341718941373763e-09,238.76104164479582,0.12903225804936888,5830.258954175218
19,16,0.10526315789473684,4.518136226508158e-07,1.534171894137377e-09,238.76104164482277,0.12903225804938342,5830.25895411912
19,17,0.10526315789473684,4.518136226508157e-07,1.5341718941373765e-09,238.76104164494186,0.1290322580494478,5830.258954249332
19,18,0.10526315789473684,4.518136226508157e-07,1.5341718941373765e-09,238.76104164491784,0.12903225804943483,5830.258954175515
19,19,0.10526315789473684,4.5181362265081605e-07,1.5341718941373777e-09,238.7610416448781,0.12903225804941335,5830.25895417639
19,20,0.10526315789473684,4.518136226508156e-07,1.5341718941373763e-09,238.76104164488396,0.1290322580494165,5830.258954193875
18,2,0.1111111111111111,0.4632228678283996,0.0016602970172303444,226.15832797887538,0.1290115262338212,5224.137992310512
18,3,0.1111111111111111,0.027206062391290527,9.75127684231158e-05,226.19456458457125,0.129032197326715,5520.080253995479
18,4,0.1111111111111111,0.0011957133810032508,4.285711042826878e-06,226.19467084757576,0.12903225794421475,5524.3575634122935
18,5,0.1111111111111111,4.194757174942801e-05,1.5034971952514066e-07,226.19467102055935,0.12903225804289284,5523.961787412275
18,6,0.1111111111111111,1.3161595213071123e-06,4.717417638878371e-09,226.19467101767077,0.12903225804124507,5523.9577204858715
18,7,0.1111111111111111,4.176430981185179e-07,1.4969286670231678e-09,226.19467102995145,0.12903225804825058,5523.958064548123
18,8,0.1111111111111111,4.21013109414899e-07,1.509007560558033e-09,226.19467103061265,0.12903225804862775,5523.958069225311
18,9,0.1111111111111111,4.2108400229133774e-07,1.509261656889343e-09,226.19467103087135,0.12903225804877533,5523.958068049394
18,10,0.1111111111111111,4.2108400228968476e-07,1.5092616568834183e-09,226.19467103089025,0.1290322580487861,5523.958068041222
18,11,0.1111111111111111,4.210840022896847e-07,1.5092616568834181e-09,226.19467121652582,0.1290322581546815,5523.958031765786
18,12,0.1111111111111111,4.2108400228968455e-07,1.5092616568834175e-09,226.19467103089025,0.1290322580487861,5523.958068041222
18,13,0.1111111111111111,4.2108400228968455e-07,1.5092616568834175e-09,226.19467103089025,0.1290322580487861,5523.958068041223
18,14,0.1111111111111111,4.2108400228968465e-07,1.509261656883418e-09,226.19467103089025,0.1290322580487861,5523.958068041222
18,15,0.1111111111111111,4.2108400228968455e-07,1.5092616568834175e-09,226.19467103089025,0.1290322580487861,5523.958068041222
18,16,0.1111111111111111,4.210840022896849e-07,1.509261656883419e-09,226.1946710308372,0.12903225804875584,5523.958068173064
18,17,0.1111111111111111,4.210840022896846e-07,1.5092616568834177e-09,226.19467103096056,0.1290322580488262,5523.9580678976645
18,18,0.1111111111111111,4.2108400228968455e-07,1.5092616568834175e-09,226.19467103089028,0.12903225804878612,5523.958068041178
18,19,0.1111111111111111,4.210840022896856e-07,1.5092616568834212e-09,226.19467103089025,0.1290322580487861,5523.958068041223
18,20,0.1111111111111111,4.2108400228968455e-07,1.5092616568834175e-09,226.19467103120667,0.1290322580489666,5523.958068022894
17,2,0.11764705882352941,0.49055661213354806,0.0018616949293180892,213.58529392962063,0.12900628197584257,4902.145069434969
17,3,0.11764705882352941,0.030490396077879282,0.00011571307850526893,213.62815904819388,0.1290321726608792,5213.06970397134
17,4,0.11764705882352941,0.001418748734340389,5.384245690238302e-06,213.628300144175,0.1290322578833568,5218.130588584554
17,5,0.11764705882352941,5.268841049382743e-05,1.999560177643366e-07,213.62830042025791,0.12903225805011187,5217.664285065609
17,6,0.11764705882352941,1.6996380141163135e-06,6.450239165658603e-09,213.62830042601266,0.12903225805358776,5217.65891241295
17,7,0.11764705882352941,4.1443132636447926e-07,1.572794413039687e-09,213.62830042224027,0.12903225805130922,5217.6593393415715
17,8,0.11764705882352941,4.141053735453236e-07,1.5715574004388788e-09,213.62830042466,0.12903225805277074,5217.659341859592
17,9,0.11764705882352941,4.141662184982725e-07,1.5717883110770757e-09,213.62830042640124,0.12903225805382246,5217.659342935211
17,10,0.11764705882352941,4.141531372879489e-07,1.5717386670149503e-09,213.62830042637037,0.1290322580538038,5217.659342941907
17,11,0.11764705882352941,4.1415317067731846e-07,1.5717387937298258e-09,213.62830059799037,0.1290322581574629,5217.65931330764
17,12,0.11764705882352941,4.141531706773184e-07,1.5717387937298256e-09,213.62830042637037,0.1290322580538038,5217.659342941896
17,13,0.11764705882352941,4.141522190806851e-07,1.5717351823573905e-09,213.62830042637037,0.1290322580538038,5217.659342941908
17,14,0.11764705882352941,4.141522190806851e-07,1.5717351823573905e-09,213.62830042638112,0.1290322580538103,5217.659342877189
17,15,0.11764705882352941,4.141522190806851e-07,1.5717351823573905e-09,213.6283004263811,0.12903225805381027,5217.659342877202
17,16,0.11764705882352941,4.141529327783653e-07,1.5717378908874956e-09,213.62830042625848,0.1290322580537362,5217.659342977737
17,17,0.11764705882352941,4.141522190806851e-07,1.5717351823573905e-09,213.62830042641698,0.12903225805383195,5217.659342840702
17,18,0.11764705882352941,4.141522190806851e-07,1.5717351823573905e-09,213.62830042638615,0.12903225805381333,5217.659342875204
17,19,0.11764705882352941,4.1415317067731894e-07,1.5717387937298277e-09,213.62830042638112,0.1290322580538103,5217.659342877189
17,20,0.11764705882352941,4.141522190806851e-07,1.5717351823573905e-09,213.62830042642693,0.12903225805383797,5217.659342941656
16,2,0.125,0.5213176550249787,0.002102087318735579,201.010536350666,0.12899927610387746,4578.607670016232
16,3,0.125,0.03440672521771494,0.0001387367952384286,201.06173883937987,0.12903213549572187,4905.877603692167
16,4,0.125,0.0017009322387046496,6.858597736994432e-06,201.06192938198691,0.12903225777716454,4911.924346678938
16,5,0.125,6.704052226414134e-05,2.703246865600771e-07,201.06192977886133,0.12903225803186022,4911.370078070027
16,6,0.125,2.2235961506723027e-06,8.966113511144244e-09,201.06192980866058,0.129032258050984,4911.362838659103
16,7,0.125,3.4929417613333657e-07,1.4084442586601013e-09,201.06192980708704,0.12903225804997417,4911.363410352506
16,8,0.125,3.463851302645362e-07,1.3967142349951012e-09,201.06192981286503,0.1290322580536822,4911.363419580933
16,9,0.125,3.4702266890430845e-07,1.3992849553168691e-09,201.06192981556174,0.12903225805541282,4911.363418027059
16,10,0.125,3.470236542974056e-07,1.3992889286761322e-09,201.0619298155617,0.1290322580554128,4911.363418027041
16,11,0.125,3.470236542974037e-07,1.3992889286761243e-09,201.06192997927025,0.1290322581604734,4911.36338835431
16,12,0.125,3.470236542974037e-07,1.3992889286761243e-09,201.0619298155617,0.1290322580554128,4911.363418027043
16,13,0.125,3.470236542974037e-07,1.3992889286761243e-09,201.0619298155617,0.1290322580554128,4911.363418027043
16,14,0.125,3.470236542974037e-07,1.3992889286761243e-09,201.06192981556174,0.12903225805541282,4911.36341802703
16,15,0.125,3.470236542974037e-07,1.3992889286761243e-09,201.06192981556174,0.12903225805541282,4911.36341802703
16,16,0.125,3.470236542974038e-07,1.399288928676125e-09,201.06192981549896,0.12903225805537255,4911.3634181078
16,17,0.125,3.470236542974037e-07,1.3992889286761243e-09,201.06192981556177,0.12903225805541285,4911.36341802719
16,18,0.125,3.470236542974037e-07,1.3992889286761243e-09,201.06192981556174,0.12903225805541282,4911.363418027029
16,19,0.125,3.470236542974039e-07,1.3992889286761254e-09,201.06192981556174,0.12903225805541282,4911.36341802703
16,20,0.125,3.470236542974037e-07,1.3992889286761243e-09,201.06192981556228,0.12903225805541318,4911.363418024382
15,2,0.13333333333333333,0.5561917309342198,0.002392222497526994,188.43346379248916,0.12898975142581648,4253.343974597869
15,3,0.13333333333333333,0.03912744784002798,0.00016829009815825375,188.495296264994,0.12903207806514008,4598.440976640231
15,4,0.13333333333333333,0.0020630161424014574,8.87318770511854e-06,188.4955585284815,0.12903225759430323,4605.745123380296
15,5,0.13333333333333333,8.687952427706547e-05,3.736753730605518e-07,188.4955591915227,0.1290322580481797,4605.079789656314
15,6,0.13333333333333333,3.060919748579e-06,1.3165246224312107e-08,188.4955591837691,0.12903225804287208,4605.069802312617
15,7,0.13333333333333333,3.7644138337898127e-07,1.6191027234561457e-09,188.49555918778353,0.1290322580456201,4605.070599729401
15,8,0.13333333333333333,3.546879858637709e-07,1.5255397234343266e-09,188.4955591882631,0.1290322580459484,4605.0706122417005
15,9,0.13333333333333333,3.547565435970483e-07,1.5258345954052746e-09,188.49555918744682,0.12903225804538962,4605.070610353796
15,10,0.13333333333333333,3.547061775427678e-07,1.5256179672149218e-09,188.4955591873877,0.12903225804534915,4605.070610343358
15,11,0.13333333333333333,3.547061766688371e-07,1.52561796345608e-09,188.49555933564707,0.12903225814683822,4605.070581954414
15,12,0.13333333333333333,3.5470617666883704e-07,1.5256179634560799e-09,188.4955591873877,0.12903225804534915,4605.070610343357
15,13,0.13333333333333333,3.5470617666883704e-07,1.5256179634560799e-09,188.4955591873877,0.12903225804534915,4605.070610343358
15,14,0.13333333333333333,3.547061766688371e-07,1.52561796345608e-09,188.4955591874016,0.12903225804535867,4605.07061029902
15,15,0.13333333333333333,3.5470617666883704e-07,1.5256179634560799e-09,188.4955591874016,0.12903225804535867,4605.070610299022
15,16,0.13333333333333333,3.547061766688372e-07,1.5256179634560805e-09,188.4955591873483,0.12903225804532217,4605.070610469411
15,17,0.13333333333333333,3.5470617666883704e-07,1.5256179634560799e-09,188.4955591874141,0.12903225804536722,4605.070610299197
15,18,0.13333333333333333,3.5470617666883704e-07,1.5256179634560799e-09,188.49555918739523,0.12903225804535431,4605.070610355561
15,19,0.13333333333333333,3.547061766688377e-07,1.5256179634560826e-09,188.49555918739503,0.12903225804535418,4605.070610310106
15,20,0.13333333333333333,3.5470617666883704e-07,1.5256179634560799e-09,188.49555918740305,0.12903225804535962,4605.070610343568
14,2,0.14285714285714285,0.5960590314667463,0.0027468158134658013,175.85322552570926,0.1289765442445645,3926.1730437616393
14,3,0.14285714285714285,0.044888901642826204,0.0002068612979124114,175.9288186625729,0.1290319867394754,4290.669548278949
14,4,0.14285714285714285,0.0025355457287095516,1.1684542529700129e-05,175.9291875156163,0.12903225726843914,4299.601925861316
14,5,0.14285714285714285,0.00011435770336954467,5.269940247933667e-07,175.92918858417428,0.12903225805215476,4298.7945944069215
14,6,0.14285714285714285,4.296834934377855e-06,1.9801082648740704e-08,175.92918858621724,0.12903225805365312,4298.780566370201
14,7,0.14285714285714285,3.717034928479415e-07,1.7129193220389262e-09,175.92918857784247,0.12903225804751078,4298.781670055338
14,8,0.14285714285714285,3.4018004844950824e-07,1.5676499930004027e-09,175.92918858434902,0.1290322580522829,4298.781692393059
14,9,0.14285714285714285,3.4077578007993366e-07,1.5703953000533091e-09,175.9291885845946,0.12903225805246304,4298.781694549853
14,10,0.14285714285714285,3.4083444010610255e-07,1.5706656227545735e-09,175.92918858475807,0.12903225805258292,4298.78169366904
14,11,0.14285714285714285,3.4083444010608826e-07,1.5706656227545076e-09,175.9291887207528,0.1290322581523259,4298.781671165609
14,12,0.14285714285714285,3.4083444010608805e-07,1.5706656227545065e-09,175.92918858475807,0.12903225805258292,4298.78169366904
14,13,0.14285714285714285,3.4083444010608805e-07,1.5706656227545065e-09,175.92918858475807,0.12903225805258292,4298.781693669039
14,14,0.14285714285714285,3.408344401060881e-07,1.570665622754507e-09,175.92918858475807,0.12903225805258292,4298.781693669039
14,15,0.14285714285714285,3.40834440106088e-07,1.5706656227545063e-09,175.9291885847569,0.12903225805258206,4298.7816936606705
14,16,0.14285714285714285,3.408344401060885e-07,1.5706656227545088e-09,175.92918858469383,0.1290322580525358,4298.781693508392
14,17,0.14285714285714285,3.4083444010608805e-07,1.5706656227545065e-09,175.9291885847581,0.12903225805258292,4298.781693669134
14,18,0.14285714285714285,3.4083444010608805e-07,1.5706656227545065e-09,175.92918858475807,0.12903225805258292,4298.781693669035
14,19,0.14285714285714285,3.4083444010608953e-07,1.5706656227545133e-09,175.92918858475807,0.12903225805258292,4298.781693669039
14,20,0.14285714285714285,3.4083444010608805e-07,1.5706656227545065e-09,175.92918858492328,0.1290322580527041,4298.781693591907
13,2,0.15384615384615385,0.6420674472723711,0.0031864389474954035,163.26856967706723,0.12895781595855477,3596.943418301574
13,3,0.15384615384615385,0.05202020695536286,0.0002581647990464511,163.36228449606676,0.1290318366865187,3982.430347406561
13,4,0.15384615384615385,0.003163964768596546,1.5702058420791625e-05,163.36281616685508,0.1290322566271344,3993.5076641589
13,5,0.15384615384615385,0.00015369942198620025,7.62776288542474e-07,163.36281796551359,0.12903225804780633,3992.5162358926254
13,6,0.15384615384615385,6.206701543279196e-06,3.080248907961682e-08,163.36281797230976,0.12903225805317428,3992.4960269618973
13,7,0.15384615384615385,3.7068624478713133e-07,1.8396339710234012e-09,163.3628179773114,0.12903225805712484,3992.497614511962
13,8,0.15384615384615385,3.116243488976699e-07,1.5465228248741966e-09,163.36281797264064,0.12903225805343566,3992.4976403518276
13,9,0.15384615384615385,3.1117835812829895e-07,1.5443094711778145e-09,163.362817975184,0.1290322580554445,3992.4976387838396
13,10,0.15384615384615385,3.111579139200199e-07,1.5442080110869972e-09,163.3628179750637,0.12903225805534949,3992.4976387943334
13,11,0.15384615384615385,3.111579151738387e-07,1.544208017309423e-09,163.3628180980165,0.12903225815246386,3992.4976171396293
13,12,0.15384615384615385,3.1115791517383847e-07,1.544208017309422e-09,163.36281797507425,0.1290322580553578,3992.4976388947457
13,13,0.15384615384615385,3.1115791517383847e-07,1.544208017309422e-09,163.36281797507425,0.1290322580553578,3992.4976388947453
13,14,0.15384615384615385,3.1115791517383847e-07,1.544208017309422e-09,163.36281797507118,0.1290322580553554,3992.4976388570913
13,15,0.15384615384615385,3.1115791517383847e-07,1.544208017309422e-09,163.36281797506922,0.12903225805535384,3992.4976388466634
13,16,0.15384615384615385,3.111579151738388e-07,1.5442080173094235e-09,163.36281797506135,0.12903225805534763,3992.4976389585167
13,17,0.15384615384615385,3.1115791517383847e-07,1.544208017309422e-09,163.36281797507272,0.12903225805535662,3992.4976388478617
13,18,0.15384615384615385,3.1115791517383847e-07,1.544208017309422e-09,163.362817975069,0.12903225805535368,3992.4976388445484
13,19,0.15384615384615385,3.111579151738394e-07,1.5442080173094266e-09,163.3628179750745,0.129032258055358,3992.497638896869
13,20,0.15384615384615385,3.1115791517383847e-07,1.544208017309422e-09,163.36281797507502,0.12903225805535842,3992.497638896396
12,2,0.16666666666666666,0.6957400277457543,0.003740537805935873,150.6776060621504,0.12893056891421814,3265.59466370783
12,3,0.16666666666666666,0.06099118704643725,0.0003279096097364035,150.79565574621157,0.1290315806924373,3673.5225299652698
12,4,0.16666666666666666,0.004018059096315837,2.160246838887679e-05,150.79644421377557,0.12903225536184743,3687.4807987408362
12,5,0.16666666666666666,0.00021142690753217652,1.1367038107303153e-06,150.7964473190971,0.1290322580189833,3686.2472138541166
12,6,0.16666666666666666,9.21889085789664e-06,4.9563929639765375e-08,150.79644737053493,0.12903225806299717,3686.217244722857
12,7,0.16666666666666666,4.742199299331269e-07,2.5495695310078365e-09,150.79644735694524,0.12903225805136884,3686.219589249441
12,8,0.16666666666666666,3.298065739065059e-07,1.7731536337510908e-09,150.79644735938902,0.12903225805345994,3686.219618604705
12,9,0.16666666666666666,3.2902330711046744e-07,1.7689425219192633e-09,150.79644734450892,0.12903225804072746,3686.219615880465
12,10,0.16666666666666666,3.2951656306052244e-07,1.7715944356450864e-09,150.79644734448652,0.1290322580407083,3686.2196158879074
12,11,0.16666666666666666,3.2951656305980505e-07,1.7715944356412295e-09,150.79644745811387,0.129032258137936,3686.219592885254
12,12,0.16666666666666666,3.295165630598031e-07,1.771594435641219e-09,150.79644734448652,0.1290322580407083,3686.219615887903
12,13,0.16666666666666666,3.295165630598031e-07,1.771594435641219e-09,150.79644734448652,0.1290322580407083,3686.2196158879024
12,14,0.16666666666666666,3.295165630598031e-07,1.771594435641219e-09,150.79644734448652,0.1290322580407083,3686.219615887902
12,15,0.16666666666666666,3.295165630598031e-07,1.771594435641219e-09,150.79644734448652,0.1290322580407083,3686.2196158879024
12,16,0.16666666666666666,3.2951656305980315e-07,1.7715944356412193e-09,150.79644734448638,0.12903225804070817,3686.219615887924
12,17,0.16666666666666666,3.295165630598031e-07,1.771594435641219e-09,150.7964473444866,0.12903225804070834,3686.2196158880274
12,18,0.16666666666666666,3.295165630598031e-07,1.771594435641219e-09,150.79644734448652,0.1290322580407083,3686.219615887902
12,19,0.16666666666666666,3.295165630598033e-07,1.7715944356412202e-09,150.79644734448652,0.1290322580407083,3686.219615887902
12,20,0.16666666666666666,3.295165630598031e-07,1.771594435641219e-09,150.79644734448652,0.1290322580407083,3686.2196158879015
11,2,0.18181818181818182,0.7591368521505579,0.004452415561369846,138.0773961721057,0.12888973683312946,2932.2888898993356
11,3,0.18181818181818182,0.07249109390086743,0.0004251677067587973,138.22886227340524,0.12903112439167888,3363.6342155987545
11,4,0.18181818181818182,0.005208816341143159,3.055024251282661e-05,138.23007102285445,0.12903225271103258,3381.5487358531973
11,5,0.18181818181818182,0.0002990689708651996,1.7540702128092585e-06,138.2300767221939,0.1290322580311384,3379.9916550725025
11,6,0.18181818181818182,1.4305399143164297e-05,8.390263438824515e-08,138.23007674882774,0.12903225805600002,3379.945823059311
11,7,0.18181818181818182,6.548569717580598e-07,3.840803358797889e-09,138.23007674571951,0.12903225805309862,3379.9493163081984
11,8,0.18181818181818182,2.702967519071768e-07,1.5853181952238518e-09,138.23007674001707,0.12903225804777563,3379.949397844807
11,9,0.18181818181818182,2.688597359777828e-07,1.5768899492918506e-09,138.2300767457929,0.12903225805316715,3379.9493908503296
11,10,0.18181818181818182,2.6896123179051257e-07,1.577485232651803e-09,138.23007674601604,0.12903225805337543,3379.949391029676
11,11,0.18181818181818182,2.689974783267531e-07,1.5776978223074706e-09,138.23007684393906,0.12903225814478267,3379.9493721684366
11,12,0.18181818181818182,2.6899747832674963e-07,1.5776978223074501e-09,138.23007674601604,0.12903225805337543,3379.9493910296756
11,13,0.18181818181818182,2.6899747832674963e-07,1.5776978223074501e-09,138.23007674601604,0.12903225805337543,3379.949391029676
11,14,0.18181818181818182,2.689974783267497e-07,1.5776978223074504e-09,138.23007674601604,0.12903225805337543,3379.949391029676
11,15,0.18181818181818182,2.6899747832674963e-07,1.5776978223074501e-09,138.23007674601837,0.1290322580533776,3379.949391029168
11,16,0.18181818181818182,2.689974783267501e-07,1.5776978223074528e-09,138.23007674599157,0.12903225805335258,3379.9493910553756
11,17,0.18181818181818182,2.689974783267497e-07,1.5776978223074504e-09,138.23007674603838,0.1290322580533963,3379.949391093141
11,18,0.18181818181818182,2.689974783267497e-07,1.5776978223074504e-09,138.23007674601604,0.12903225805337543,3379.9493910296756
11,19,0.18181818181818182,2.689974783267509e-07,1.5776978223074576e-09,138.23007674601604,0.12903225805337543,3379.9493910296756
11,20,0.18181818181818182,2.6899747832674963e-07,1.5776978223074501e-09,138.23007674601743,0.12903225805337673,3379.9493910300484
10,2,0.2,0.8351018950573988,0.005387754167310818,125.46321563971782,0.12882639319526115,2597.690741049898
10,3,0.2,0.08756274653687177,0.0005649209459916097,125.66176830436697,0.12903026827940944,3052.2654721481176
10,4,0.2,0.0069193212194297365,4.4640782107652154e-05,125.66369505875922,0.12903224668254265,3075.752345673329
10,5,0.2,0.0004369598162827866,2.8190955918776117e-06,125.66370608806827,0.1290322580075043,3073.756635479897
10,6,0.2,2.297743947620939e-05,1.482415451632646e-07,125.6637061415685,0.12903225806243865,3073.683704143803
10,7,0.2,9.99994986370828e-07,6.451580563996972e-09,125.66370612234869,0.12903225804270363,3073.689158997164
10,8,0.2,2.849829355331202e-07,1.8385995860128005e-09,125.66370613803306,0.12903225805880844,3073.6893062532363
10,9,0.2,2.796893962006162e-07,1.804447719315669e-09,125.66370614219751,0.12903225806308452,3073.6892957498603
10,10,0.2,2.8020877715623714e-07,1.8077985641941567e-09,125.66370614073752,0.12903225806158541,3073.6892968273096
10,11,0.2,2.802087796410883e-07,1.8077985802254545e-09,125.6637062240195,0.12903225814709984,3073.689280061499
10,12,0.2,2.802087771376251e-07,1.8077985640740793e-09,125.66370614073762,0.1290322580615855,3073.689296827223
10,13,0.2,2.8020877713762507e-07,1.8077985640740789e-09,125.66370614073762,0.1290322580615855,3073.6892968272227
10,14,0.2,2.802087771376252e-07,1.8077985640740795e-09,125.66370614073762,0.1290322580615855,3073.6892968271677
10,15,0.2,2.8020877713762507e-07,1.8077985640740789e-09,125.66370614073762,0.1290322580615855,3073.6892968271673
10,16,0.2,2.8020877713762597e-07,1.8077985640740846e-09,125.66370614073745,0.12903225806158533,3073.689296827236
10,17,0.2,2.802087771376251e-07,1.8077985640740793e-09,125.66370614073783,0.12903225806158572,3073.6892968270818
10,18,0.2,2.802087771376251e-07,1.8077985640740793e-09,125.66370614073765,0.12903225806158553,3073.6892968271377
10,19,0.2,2.8020877713762756e-07,1.807798564074095e-09,125.66370614073762,0.1290322580615855,3073.6892968271677
10,20,0.2,2.8020877713762507e-07,1.8077985640740789e-09,125.66370614073762,0.1290322580615855,3073.689296827223
9,2,0.2222222222222222,0.9276440218419202,0.006649777922973953,112.82716540848024,0.1287240221491508,2263.572141043986
9,3,0.2222222222222222,0.10784386538406539,0.0007730743025058166,113.09409456176199,0.12902856045882907,2738.5854755972414
9,4,0.2222222222222222,0.009466295862837936,6.785875158883574e-05,113.09731258589575,0.12903223188856297,2770.15314479817
9,5,0.2222222222222222,0.0006643808067663275,4.762586420284415e-06,113.09733540233321,0.12903225791973724,2767.5552713512348
9,6,0.2222222222222222,3.8823178015025725e-05,2.7830235088605983e-07,113.09733552195989,0.12903225805621876,2767.433820421448
9,7,0.2222222222222222,1.948334674299511e-06,1.3966556781119824e-08,113.0973355126249,0.12903225804556853,2767.4426159660734
9,8,0.2222222222222222,2.3624210595916641e-07,1.6934917960931408e-09,113.0973355197485,0.1290322580536958,2767.4429280036397
9,9,0.2222222222222222,2.2362257167977938e-07,1.6030291849261373e-09,113.09733551791555,0.1290322580516046,2767.4429066684797
9,10,0.2222222222222222,2.232528482059186e-07,1.6003788374477988e-09,113.09733551669298,0.12903225805020976,2767.4429058343703
9,11,0.2222222222222222,2.232504995991044e-07,1.6003620015566864e-09,113.09733558716844,0.12903225813061492,2767.442893052988
9,12,0.2222222222222222,2.2325049959888737e-07,1.6003620015551304e-09,113.0973355168884,0.12903225805043275,2767.4429058168034
9,13,0.2222222222222222,2.2325049959888723e-07,1.6003620015551296e-09,113.0973355168884,0.12903225805043275,2767.442905816818
9,14,0.2222222222222222,2.2325049959888731e-07,1.6003620015551302e-09,113.0973355168884,0.12903225805043275,2767.442905816837
9,15,0.2222222222222222,2.232504995988872e-07,1.6003620015551294e-09,113.09733551690154,0.1290322580504477,2767.4429058046
9,16,0.2222222222222222,2.2325049959888784e-07,1.600362001555134e-09,113.09733551688689,0.129032258050431,2767.442905848655
9,17,0.2222222222222222,2.232504995988873e-07,1.60036200155513e-09,113.0973355169138,0.1290322580504617,2767.4429057496245
9,18,0.2222222222222222,2.2325049959888726e-07,1.6003620015551298e-09,113.09733551691363,0.1290322580504615,2767.4429057407433
9,19,0.2222222222222222,2.2325442573640513e-07,1.6003901459100484e-09,113.0973355168884,0.12903225805043275,2767.4429058168375
9,20,0.2222222222222222,2.2325049959888723e-07,1.6003620015551296e-09,113.09733551688903,0.12903225805043345,2767.4429058196924
8,2,0.25,1.0425159500013466,0.008407386685294468,100.15541277623609,0.12855023403828342,1934.139767427803
8,3,0.25,0.13601941162894116,0.0010969307378647494,100.52522515420995,0.1290248910380504,2421.157155261388
8,4,0.25,0.013427954534800304,0.00010828995581935577,100.5309133062063,0.12903219182439943,2464.8418110767384
8,5,0.25,0.001060467172503141,8.552154608553723e-06,100.53096458904672,0.12903225764631515,2461.4138728859516
8,6,0.25,6.973612967322269e-05,5.623881419731407e-07,100.53096491550072,0.12903225806532131,2461.2001036759016
8,7,0.25,3.9565866322428055e-06,3.19079566802688e-08,100.53096489506183,0.12903225803908785,2461.2149018054674
8,8,0.25,2.688110049803414e-07,2.1678306831942742e-09,100.53096491903912,0.1290322580698629,2461.2155848921525
8,9,0.25,1.9271672251373717e-07,1.5541671155184624e-09,100.53096493079381,0.12903225808495014,2461.2155536442865
8,10,0.25,1.9137292177647257e-07,1.54333001280924e-09,100.53096494452149,0.1290322581025697,2461.21555564616
8,11,0.25,1.913688917566452e-07,1.5432975126493736e-09,100.53096499954763,0.12903225817319616,2461.2155440488646
8,12,0.25,1.9136889174619307e-07,1.5432975125650822e-09,100.5309649445192,0.12903225810256677,2461.2155561660657
8,13,0.25,1.91368891746184e-07,1.5432975125650092e-09,100.53096494451971,0.1290322581025674,2461.215556165748
8,14,0.25,1.9136889174618404e-07,1.5432975125650094e-09,100.5309649445192,0.12903225810256677,2461.215556166065
8,15,0.25,1.91368891746184e-07,1.5432975125650092e-09,100.5309649445192,0.12903225810256677,2461.215556166065
8,16,0.25,1.9136889174618415e-07,1.5432975125650105e-09,100.53096494451906,0.12903225810256658,2461.215556166444
8,17,0.25,1.91368891746184e-07,1.5432975125650092e-09,100.53096494451934,0.12903225810256694,2461.2155561656555
8,18,0.25,1.91368891746184e-07,1.5432975125650092e-09,100.53096494451971,0.1290322581025674,2461.2155561657473
8,19,0.25,1.9136889174618438e-07,1.5432975125650123e-09,100.5309649445192,0.12903225810256677,2461.2155561660657
8,20,0.25,1.91368891746184e-07,1.5432975125650092e-09,100.5309649445192,0.12903225810256677,2461.2155561660647
7,2,0.2857142857142857,1.1880191171424248,0.010949484937731006,87.42234021597797,0.1282368440740487,1618.995651128309
7,3,0.2857142857142857,0.17672788231988576,0.001628828406560651,87.95368147188925,0.12901625040904352,2097.387143252464
7,4,0.2857142857142857,0.019933957888833148,0.00018372311396650364,87.96446541109741,0.12903206900103412,2159.939827946091
7,5,0.2857142857142857,0.001799370464057021,1.658405955703861e-05,87.96459329718786,0.12903225659277098,2155.3908190186175
7,6,0.2857142857142857,0.0001352639994040036,1.2466728040991919e-06,87.96459428494363,0.12903225804167615,2154.9882234330066
7,7,0.2857142857142857,8.703203967844928e-06,8.021386136035917e-08,87.96459428725285,0.1290322580450635,2155.014175758714
7,8,0.2857142857142857,5.212440717771615e-07,4.804092821783597e-09,87.96459428965858,0.12903225804859236,2155.0158897491233
7,9,0.2857142857142857,1.737250504808898e-07,1.6011525371093989e-09,87.96459429215108,0.12903225805224852,2155.015805123455
7,10,0.2857142857142857,1.7048725011156275e-07,1.5713110590862163e-09,87.96459428885325,0.12903225804741106,2155.0158023806034
7,11,0.2857142857142857,1.70306368764664e-07,1.569643949900172e-09,87.96459433064285,0.12903225810871077,2155.0157946468976
7,12,0.2857142857142857,1.7030590799483146e-07,1.5696397031736098e-09,87.9645942874677,0.12903225804537866,2155.0158029357544
7,13,0.2857142857142857,1.7030590799476274e-07,1.5696397031729764e-09,87.96459428746772,0.12903225804537866,2155.0158029357544
7,14,0.2857142857142857,1.703059079947628e-07,1.569639703172977e-09,87.96459428746772,0.12903225804537866,2155.015802935755
7,15,0.2857142857142857,1.703059079947627e-07,1.569639703172976e-09,87.96459428746772,0.12903225804537866,2155.0158029357544
7,16,0.2857142857142857,1.703059079947636e-07,1.5696397031729843e-09,87.96459428746765,0.12903225804537855,2155.015802935894
7,17,0.2857142857142857,1.7030590799476277e-07,1.5696397031729768e-09,87.96459428746772,0.12903225804537866,2155.015802935755
7,18,0.2857142857142857,1.7030590799476274e-07,1.5696397031729764e-09,87.9645942874677,0.12903225804537866,2155.0158029357544
7,19,0.2857142857142857,1.7030590799476526e-07,1.5696397031729998e-09,87.96459428746772,0.12903225804537866,2155.0158029357544
7,20,0.2857142857142857,1.7030590799476272e-07,1.5696397031729762e-09,87.96459428746843,0.1290322580453797,2155.0158029358818
6,2,0.3333333333333333,1.3757010456746261,0.01479248429084003,74.57710121701766,0.12762703548551574,1399.9886825301082
6,3,0.3333333333333333,0.2385029887725526,0.0025645482540185677,75.37552325024402,0.12899340982166044,1762.4102118273825
6,4,0.3333333333333333,0.03138359410060435,0.000337457999456293,75.39785567760042,0.1290316282754778,1855.5452490940042
6,5,0.3333333333333333,0.003306312906954967,3.555175151644145e-05,75.39821979810867,0.12903225141073332,1849.6312106546475
6,6,0.3333333333333333,0.0002901333779611104,3.119713726490219e-06,75.39822364109236,0.12903225798739842,1848.806858240682
6,7,0.3333333333333333,2.1781619422624602e-05,2.34210960405446e-07,75.3982236873092,0.1290322580664913,1848.8537469746025
6,8,0.3333333333333333,1.4629745938541667e-06,1.5730909535562178e-08,75.3982236690539,0.1290322580352502,1848.8585434993136
6,9,0.3333333333333333,1.4429498984745625e-07,1.5515590231442297e-09,75.39822367937207,0.12903225805290813,1848.8583357881712
6,10,0.3333333333333333,1.4000437562910333e-07,1.5054233866099737e-09,75.39822366450238,0.12903225802746102,1848.8583152139265
6,11,0.3333333333333333,1.396075984789142e-07,1.5011569656607486e-09,75.39822369558098,0.12903225808064717,1848.8583120593776
6,12,0.3333333333333333,1.3957950156735521e-07,1.5008548483336127e-09,75.3982236673087,0.12903225803226356,1848.8583171376179
6,13,0.3333333333333333,1.395794312746933e-07,1.500854092498542e-09,75.39822366730475,0.1290322580322568,1848.8583171364796
6,14,0.3333333333333333,1.3957943127468769e-07,1.5008540924984815e-09,75.39822366730475,0.1290322580322568,1848.8583171364796
6,15,0.3333333333333333,1.3957943127468734e-07,1.5008540924984778e-09,75.39822366730475,0.1290322580322568,1848.8583171364799
6,16,0.3333333333333333,1.3957943127468962e-07,1.5008540924985024e-09,75.3982236673041,0.1290322580322557,1848.8583171363775
6,17,0.3333333333333333,1.3957943127468755e-07,1.50085409249848e-09,75.39822366730476,0.12903225803225685,1848.858317136435
6,18,0.3333333333333333,1.395794312746875e-07,1.5008540924984797e-09,75.39822366730475,0.1290322580322568,1848.8583171364799
6,19,0.3333333333333333,1.3957943127469407e-07,1.5008540924985502e-09,75.39822366730475,0.1290322580322568,1848.85831713648
6,20,0.3333333333333333,1.3957943127468737e-07,1.5008540924984782e-09,75.39822366730674,0.1290322580322602,1848.8583171370444
5,2,0.4,1.6186002538040118,0.02088516457417379,61.50977813342085,0.1263172288828349,1339.630249075974
5,3,0.4,0.3382909072631568,0.004365043966558706,62.778795952751096,0.12892329931919755,1407.0319355750942
5,4,0.4,0.05344980308975292,0.0006896748788733604,62.83059774532798,0.12902968011080568,1551.3639037086227
5,5,0.4,0.00676264068729751,8.725987987353556e-05,62.8318338133351,0.12903221851510677,1544.5454100206214
5,6,0.4,0.0007128021330960854,9.197446882605309e-06,62.83185286033492,0.12903225763025736,1542.6736114461532
5,7,0.4,6.438386920574988e-05,8.307596030112727e-07,62.83185306265284,0.1290322580457399,1542.7550261639458
5,8,0.4,5.078514616128807e-06,6.55292208813901e-08,62.831853072966304,0.12903225806691976,1542.7707883058172
5,9,0.4,4.028833269159711e-07,5.198494543081643e-09,62.83185306898648,0.12903225805874677,1542.7702900265376
5,10,0.4,1.1310185533994875e-07,1.459378779206127e-09,62.83185306713675,0.1290322580549481,1542.7702126945453
5,11,0.4,1.0164036418727012e-07,1.3114885707210153e-09,62.83185308571497,0.12903225809310057,1542.7702086760894
5,12,0.4,1.0184343577340629e-07,1.3141088492529287e-09,62.831853071512974,0.12903225806393517,1542.7702124921313
5,13,0.4,1.0187829796667185e-07,1.3145586840049355e-09,62.83185307151787,0.12903225806394522,1542.7702123577649
5,14,0.4,1.0187829796648118e-07,1.314558684002475e-09,62.83185307151787,0.12903225806394522,1542.7702123577653
5,15,0.4,1.0187829796647858e-07,1.3145586840024418e-09,62.83185307151787,0.12903225806394522,1542.770212357765
5,16,0.4,1.0187829796648018e-07,1.3145586840024625e-09,62.83185307153119,0.1290322580639726,1542.770212285262
5,17,0.4,1.0187829796647874e-07,1.3145586840024439e-09,62.83185307151787,0.12903225806394522,1542.7702123577649
5,18,0.4,1.0187829796647869e-07,1.314558684002443e-09,62.83185307151787,0.12903225806394522,1542.7702123577653
5,19,0.4,1.018782979664833e-07,1.3145586840025026e-09,62.83185307151787,0.12903225806394522,1542.770212357765
5,20,0.4,1.0187829796647861e-07,1.314558684002442e-09,62.83185307151787,0.12903225806394522,1542.7702123577649
4,2,0.5,2.4122526098944936,0.056866898606152606,44.11321832899246,0.11934754061736623,2005.942840004587
4,3,0.5,0.2654712450678298,0.0062582692684004,50.54662877060029,0.1367530200421887,1615.4716206801593
4,4,0.5,0.1382610344675168,0.0032593917386578913,50.23936385103701,0.13592172017659335,1533.3961442528905
4,5,0.5,0.005027513012198856,0.00011851954125083515,50.26595359225003,0.13599365825637158,1541.244435850398
4,6,0.5,0.0029527485714470024,6.960865248241261e-05,50.26546837679851,0.13599234551445427,1541.0494394216262
4,7,0.5,5.4153485728705726e-05,1.2766245000513161e-06,50.26548263236284,0.1359923840826342,1541.0195495242729
4,8,0.5,3.3262957029207626e-05,7.841472310826907e-07,50.26548248678083,0.13599238368876462,1541.0198128108193
4,9,0.5,3.891412495786289e-07,9.173689311181758e-09,50.265482494234384,0.13599238370893008,1541.0199716585678
4,10,0.5,2.8432138609930264e-07,6.702646053133292e-09,50.26548247584823,0.13599238365918667,1541.0199661891318
4,11,0.5,1.1913243710010694e-07,2.8084505716720703e-09,50.265482507353184,0.13599238374442274,1541.0199734645264
4,12,0.5,1.1986040125054045e-07,2.8256117360384455e-09,50.265482504184476,0.1359923837358499,1541.019973654092
4,13,0.5,1.2054833435335864e-07,2.841829200928032e-09,50.2654825041676,0.13599238373580422,1541.0199736679458
4,14,0.5,1.205483343415599e-07,2.841829200649886e-09,50.2654825041676,0.13599238373580422,1541.0199736679447
4,15,0.5,1.2054833433801268e-07,2.8418292005662635e-09,50.26548250416759,0.13599238373580422,1541.0199736679433
4,16,0.5,1.205483343380126e-07,2.8418292005662614e-09,50.26548250416657,0.13599238373580144,1541.0199736679342
4,17,0.5,1.2054833433801257e-07,2.841829200566261e-09,50.2654825041676,0.13599238373580422,1541.019973667943
4,18,0.5,1.2054833433801257e-07,2.841829200566261e-09,50.26548250416761,0.13599238373580425,1541.019973667943
4,19,0.5,1.2054833433801257e-07,2.841829200566261e-09,50.2654825041676,0.13599238373580422,1541.019973667943
4,20,0.5,1.2054833433801257e-07,2.841829200566261e-09,50.2654825041676,0.13599238373580422,1541.0199736679435
3,2,0.6666666666666666,2.1925599659843984,0.04715182707675399,33.45146173951146,0.1144938814944658,1827.250275142006
3,3,0.6666666666666666,0.8500939658385903,0.018281590605535324,37.217763742734995,0.12738475420392673,688.1854093056329
3,4,0.6666666666666666,0.22613342798951935,0.004863084457554713,37.66523955724583,0.12891632383389387,917.9110029649333
3,5,0.6666666666666666,0.048077786780937104,0.0010339308952537565,37.6975998169523,0.12902708287243198,945.0895730925962
3,6,0.6666666666666666,0.008504915133602577,0.00018290140014576474,37.699065187887584,0.12903209837840646,931.6088981034446
3,7,0.6666666666666666,0.0012876308960466875,2.76909869244193e-05,37.6991107926265,0.1290322544691511,930.7853821364981
3,8,0.6666666666666666,0.00017030782836310377,3.662533931740916e-06,37.69911181235956,0.12903225795937817,931.1056661680875
3,9,0.6666666666666666,1.9997553917828233e-05,4.3005492160765405e-07,37.69911184701576,0.12903225807799545,931.1222921658539
3,10,0.6666666666666666,2.1044069093705037e-06,4.525606242436991e-08,37.69911184193484,0.12903225806060506,931.117747593699
3,11,0.6666666666666666,1.8859429311203512e-07,4.055791236929213e-09,37.69911183062769,0.12903225802190424,931.1175442744344
3,12,0.6666666666666666,6.660002804837902e-08,1.4322586631897294e-09,37.69911183593776,0.12903225804007895,931.117585199717
3,13,0.6666666666666666,6.695111284778254e-08,1.4398088739057768e-09,37.69911183905356,0.12903225805074334,931.117586844068
3,14,0.6666666666666666,6.705525359199439e-08,1.442048459795742e-09,37.69911184023545,0.12903225805478863,931.1175864122928
3,15,0.6666666666666666,6.703505328314458e-08,1.4416140445530303e-09,37.69911184023608,0.12903225805479074,931.1175864122248
3,16,0.6666666666666666,6.703505328058178e-08,1.4416140444979163e-09,37.699111840236085,0.12903225805479077,931.1175864122246
3,17,0.6666666666666666,6.703505328050404e-08,1.4416140444962444e-09,37.69911184023608,0.12903225805479074,931.1175864122246
3,18,0.6666666666666666,6.703505328050396e-08,1.4416140444962427e-09,37.69911184023608,0.12903225805479074,931.1175864122249
3,19,0.6666666666666666,6.703505328050883e-08,1.4416140444963474e-09,37.69911184023608,0.12903225805479074,931.1175864122248
3,20,0.6666666666666666,6.703505328050383e-08,1.4416140444962398e-09,37.69911184023608,0.12903225805479074,931.1175864122246
2,2,1.0,2.8277024354728932,0.11898500329179537,23.633731538280145,0.12478209717410388,1923.809753998866
2,3,1.0,1.6537551587165253,0.06958725944259478,19.5976832489096,0.10347244621915949,1264.1503211396787
2,4,1.0,0.4787570636348254,0.020145298910503436,25.982972259493746,0.13718569004241696,859.5833461332942
2,5,1.0,0.2664335824501517,0.011211080871589124,24.93430727256126,0.13164891663485997,560.8235070505671
2,6,1.0,0.0274422724348789,0.001154725064079223,25.14407638821033,0.13275646201467656,568.5252448940431
2,7,1.0,0.017227178885775154,0.0007248909611981533,25.131744226906093,0.13269135029299442,563.3854903411791
2,8,1.0,0.000982824375744002,4.135561087197636e-05,25.13277343379796,0.1326967843309577,563.079277673295
2,9,1.0,0.0006265589557146235,2.6364556069613712e-05,25.13273970597374,0.13269660625376187,563.0789779427208
2,10,1.0,2.2629299821962e-05,9.522032021579677e-07,25.132741259014377,0.13269661445355324,563.0858137508586
2,11,1.0,1.4606605599838003e-05,6.146216071310315e-07,25.132741204737002,0.1326966141669779,563.0856273215584
2,12,1.0,3.751259190459633e-07,1.5784673151104474e-08,25.132741226076774,0.13269661427964827,563.0855360478391
2,13,1.0,2.2431399477871462e-07,9.438758856773982e-09,25.1327412297562,0.132696614299075,563.0855373963889
2,14,1.0,5.7852059425291825e-08,2.434318192325748e-09,25.13274122613693,0.13269661427996587,563.0855384216218
2,15,1.0,5.489512574922364e-08,2.309895353922755e-09,25.132741222850587,0.13269661426261453,563.0855378282238
2,16,1.0,5.714793545137711e-08,2.4046898296299175e-09,25.13274122745934,0.13269661428694798,563.0855387791054
2,17,1.0,5.7139790342786326e-08,2.4043470970423832e-09,25.13274122745934,0.13269661428694798,563.0855387791346
2,18,1.0,5.713978989822486e-08,2.4043470783359782e-09,25.132741227459437,0.1326966142869485,563.0855387790419
2,19,1.0,5.7139789898139365e-08,2.404347078332381e-09,25.132741227459437,0.1326966142869485,563.0855387790417
2,20,1.0,5.7139789898113854e-08,2.404347078331307e-09,25.132741227459437,0.1326966142869485,563.0855387790415
1,2,2.0,1.0000000004637364,0.07790494816650147,8.885765874638905,0.0926176222217193,1013.5021857222779
1,3,2.0,1.3363463728713225,0.10410799486275396,10.588622904048709,0.11036674720121191,934.9333748676918
1,4,2.0,1.343041663483871,0.10462959113064234,10.40308577912212,0.10843286692718848,948.3981399991452
1,5,2.0,0.9858671747694076,0.07680393111384916,8.997382726607796,0.09378102080492275,930.5254790087114
1,6,2.0,0.7864831830645449,0.06127093158205489,14.334863769197108,0.14941435728850574,841.225170985434
1,7,2.0,0.43702506608249436,0.03404641510483004,11.554312466506428,0.1204322691090577,283.135144322143
1,8,2.0,0.11883910015999856,0.00925815393382502,12.739414130801727,0.13278475507217602,278.19026437889306
1,9,2.0,0.07721837768525965,0.00601569370828179,12.525565212456119,0.13055577688264414,206.74387195454437
1,10,2.0,0.012150701517065595,0.0009465997714346531,12.570317079982654,0.13102223206712282,201.9741879264805
1,11,2.0,0.008148010497281016,0.0006347703351564213,12.565843824125334,0.13097560667467611,200.5937630004488
1,12,2.0,0.0008645948763028093,6.735621899215758e-05,12.56640474093488,0.13098145319166715,200.69026306557436
1,13,2.0,0.0005790830978892027,4.511343870423469e-05,12.56636763895826,0.13098106647240146,200.66774614017018
1,14,2.0,4.4284573493563434e-05,3.4499874009917994e-06,12.566370749447914,0.13098109889348475,200.66086462083416
1,15,2.0,2.970008765541271e-05,2.3137837882624915e-06,12.566370600737146,0.13098109734345095,200.66119969488042
1,16,2.0,1.7108972055758879e-06,1.3328735805679154e-07,12.566370610250924,0.1309810974426144,200.66147487405888
1,17,2.0,1.149824660843984e-06,8.957703056207556e-08,12.566370617826115,0.13098109752157172,200.66146432838954
1,18,2.0,6.368089051286333e-08,4.961056472300651e-09,12.566370607506782,0.13098109741401182,200.66145333326202
1,19,2.0,4.8137111675136784e-08,3.750119188197557e-09,12.566370609621742,0.13098109743605638,200.66145373235918
1,20,2.0,1.8882897265956624e-08,1.4710711320555337e-09,12.56637061098161,0.13098109745023048,200.66145423458835
