K,N,h,l2phi,relL2phi,l2u,relL2u,l2divu_f
20,2,0.1,21.726003923558373,0.13428007350973734,4011.5016217153575,3.176864052698425,16027.18529389307
20,3,0.1,2.7390121777311904,0.01692878073040369,3991.2393927435223,3.160817606026258,15295.509824128128
20,4,0.1,0.3088955947516686,0.0019091648568244654,3990.700100702602,3.160390519697928,15292.067780497722
20,5,0.1,0.03075285301099117,0.00019007155561047583,3990.7510295637353,3.160430852242555,15291.727489089986
20,6,0.1,0.0026877305194932433,1.6611828525933825e-05,3990.753702026276,3.160432968669514,15291.733362780311
20,7,0.1,0.00022470701600325998,1.38882763407554e-06,3990.753532403815,3.160432834338894,15291.734062802461
20,8,0.1,1.718566172780297e-05,1.0621796480578465e-07,3990.7535214516834,3.1604328256654752,15291.734029644904
20,9,0.1,7.132422016494366e-06,4.408275705219837e-08,3990.75352198337,3.160432826086539,15291.734029159226
20,10,0.1,7.03392093259027e-06,4.347395974027814e-08,3990.75352198479,3.1604328260876633,15291.734028802211
20,11,0.1,1.0133431588539615e-05,6.263084290155693e-08,3990.753528272438,3.160432831067096,15291.73401819178
20,12,0.1,7.033832196284386e-06,4.347341129530321e-08,3990.753521982999,3.160432826086245,15291.734028683935
20,13,0.1,7.033807590016346e-06,4.3473259213425073e-08,3990.753521983002,3.1604328260862475,15291.734028684648
20,14,0.1,7.0338404538472815e-06,4.347346233212326e-08,3990.7535219830056,3.1604328260862506,15291.734028686114
20,15,0.1,7.033843550222431e-06,4.347348146962707e-08,3990.753521982975,3.160432826086226,15291.734028686986
20,16,0.1,7.03411135036847e-06,4.347513663932245e-08,3990.7535219761703,3.1604328260808368,15291.73402857209
20,17,0.1,7.033994892436593e-06,4.347441685764017e-08,3990.753521986663,3.160432826089147,15291.73402867135
20,18,0.1,7.033830085931343e-06,4.347339825202279e-08,3990.7535219844835,3.160432826087421,15291.73402865654
20,19,0.1,7.033809575414489e-06,4.347327148440732e-08,3990.7535219830143,3.160432826086257,15291.734028684563
20,20,0.1,7.033847509945128e-06,4.347350594314997e-08,3990.7535219853667,3.16043282608812,15291.734028657289
19,2,0.10526315789473684,22.89619130666533,0.14896078780381267,3813.4572037149624,3.1789737210835907,15357.058286844032
19,3,0.10526315789473684,3.0278594822063143,0.019699011411448003,3791.788259623602,3.160910058598285,14529.94894570619
19,4,0.10526315789473684,0.35937407713590475,0.0023380589779946758,3791.1572891538635,3.160384069073577,14527.000632629886
19,5,0.10526315789473684,0.037447441286390416,0.00024363005534609863,3791.2150160435704,3.1604321913562137,14526.617733858548
19,6,0.10526315789473684,0.0034980800275769917,2.27582286385317e-05,3791.218433456315,3.160435040179401,14526.623790060354
19,7,0.10526315789473684,0.0002976134883419906,1.9362495312291525e-06,3791.2182247625024,3.1604348662080914,14526.624716750122
19,8,0.10526315789473684,2.432511031428455e-05,1.5825722048258915e-07,3791.218209395578,3.1604348533979176,14526.62467177223
19,9,0.10526315789473684,6.856077279064794e-06,4.4605089949436464e-08,3791.218210000688,3.1604348539023497,14526.624669362925
19,10,0.10526315789473684,6.6321685657901555e-06,4.314835778473715e-08,3791.2182100431023,3.1604348539377067,14526.624669528615
19,11,0.10526315789473684,9.640953248522893e-06,6.272327007774546e-08,3791.2182159706044,3.1604348588789906,14526.624660927673
19,12,0.10526315789473684,6.631393468798894e-06,4.314331506575842e-08,3791.218210036178,3.1604348539319345,14526.624669544737
19,13,0.10526315789473684,6.631385108201016e-06,4.314326067237789e-08,3791.2182100358405,3.160434853931653,14526.624669540288
19,14,0.10526315789473684,6.6314733309458304e-06,4.3143834642493435e-08,3791.2182100360683,3.160434853931843,14526.624669545256
19,15,0.10526315789473684,6.631505717630285e-06,4.314404534766995e-08,3791.2182100362875,3.160434853932026,14526.624669537943
19,16,0.10526315789473684,6.63129640440638e-06,4.314268357259072e-08,3791.2182100330424,3.1604348539293206,14526.62466955958
19,17,0.10526315789473684,6.63133015168898e-06,4.314290312970985e-08,3791.2182100385144,3.1604348539338827,14526.624669553266
19,18,0.10526315789473684,6.6314321303040976e-06,4.314356659441643e-08,3791.2182100375726,3.1604348539330975,14526.62466954288
19,19,0.10526315789473684,6.631495888961393e-06,4.314398140313692e-08,3791.2182100362784,3.160434853932018,14526.624669543235
19,20,0.10526315789473684,6.631353171042657e-06,4.3143052891782176e-08,3791.218210036967,3.160434853932592,14526.62466955651
18,2,0.1111111111111111,24.193837217820786,0.16614407921848526,3615.6745020007897,3.1815464335164694,14713.930189297267
18,3,0.1111111111111111,3.3743478335917922,0.023172343796793404,3592.3197257945976,3.1609958267338985,13763.812212900706
18,4,0.1111111111111111,0.41713512001797276,0.002864553059571296,3591.5769214251727,3.160342209658845,13761.418116859888
18,5,0.1111111111111111,0.047246810667495115,0.0003244536112105055,3591.6430386277602,3.160400388278068,13761.019767829162
18,6,0.1111111111111111,0.004366659409356323,2.9986752423623546e-05,3591.6474392879813,3.1604042605582814,13761.024313822205
18,7,0.1111111111111111,0.0004377111292627981,3.0058527665666984e-06,3591.6471757762915,3.1604040286860053,13761.025338798241
18,8,0.1111111111111111,3.093848219851062e-05,2.124609499109477e-07,3591.6471540474327,3.1604040095660944,13761.025291960184
18,9,0.1111111111111111,6.997572955119162e-06,4.8053779354028717e-08,3591.6471549955186,3.1604040104003457,13761.025290856229
18,10,0.1111111111111111,6.339923816800671e-06,4.3537566834657316e-08,3591.6471550518113,3.160404010449879,13761.025290486134
18,11,0.1111111111111111,9.192593537785086e-06,6.31274392406063e-08,3591.647160641097,3.160404015368068,13761.02528492506
18,12,0.1111111111111111,6.343076178409617e-06,4.355921475318163e-08,3591.647155045188,3.160404010444051,13761.025290452188
18,13,0.1111111111111111,6.343260067278005e-06,4.3560477556036834e-08,3591.6471550438996,3.1604040104429174,13761.02529046915
18,14,0.1111111111111111,6.343090579740183e-06,4.35593136500943e-08,3591.6471550445044,3.1604040104434494,13761.025290434967
18,15,0.1111111111111111,6.34305647310637e-06,4.355907943279264e-08,3591.647155044708,3.160404010443629,13761.02529043489
18,16,0.1111111111111111,6.343182256557085e-06,4.355994321373866e-08,3591.647155042115,3.1604040104413467,13761.02529051729
18,17,0.1111111111111111,6.342981686575698e-06,4.355856585823377e-08,3591.6471550473116,3.1604040104459195,13761.025290512714
18,18,0.1111111111111111,6.3432602344400246e-06,4.356047870397296e-08,3591.6471550454853,3.1604040104443123,13761.025290455695
18,19,0.1111111111111111,6.3430906571805686e-06,4.355931418189343e-08,3591.6471550440506,3.1604040104430497,13761.025290432233
18,20,0.1111111111111111,6.343155163424989e-06,4.3559757159602454e-08,3591.647155045839,3.1604040104446236,13761.025290443235
17,2,0.11764705882352941,25.592907357685934,0.1860942762425441,3417.8805793308716,3.1844147348063787,13971.069921652483
17,3,0.11764705882352941,3.7615522337503724,0.027351458382788196,3392.9453536370233,3.161182764504257,12998.407272019975
17,4,0.11764705882352941,0.49663090158584794,0.0036111633156264036,3392.06248945232,3.16036020629798,12996.755790913241
17,5,0.11764705882352941,0.057862878444222325,0.00042073963441883376,3392.1371632210967,3.1604297793108684,12996.277820291749
17,6,0.11764705882352941,0.006037941742522577,4.390382002582222e-05,3392.142959900901,3.1604351800357193,12996.283572717379
17,7,0.11764705882352941,0.0005741397016499646,4.1747547766812615e-06,3392.1426397740047,3.1604348817757946,12996.28514492743
17,8,0.11764705882352941,5.0823473273013855e-05,3.6955385109982163e-07,3392.1426076453427,3.160434851841751,12996.28507278399
17,9,0.11764705882352941,7.269053206258219e-06,5.285562818172446e-08,3392.1426088134394,3.1604348529300585,12996.285069398698
17,10,0.11764705882352941,5.985253027630917e-06,4.352070340187334e-08,3392.142608961233,3.1604348530677564,12996.285069387466
17,11,0.11764705882352941,8.649410427917768e-06,6.289265033519851e-08,3392.142614191221,3.160434857940499,12996.285062268107
17,12,0.11764705882352941,5.980999581153966e-06,4.348977522194434e-08,3392.1426089675947,3.160434853073684,12996.285069518113
17,13,0.11764705882352941,5.9809997147121205e-06,4.348977619308872e-08,3392.142608966897,3.1604348530730335,12996.285069518764
17,14,0.11764705882352941,5.980932636322163e-06,4.3489288444500556e-08,3392.142608966936,3.1604348530730704,12996.285069518615
17,15,0.11764705882352941,5.980925884658276e-06,4.3489239350976837e-08,3392.142608967134,3.1604348530732547,12996.285069539159
17,16,0.11764705882352941,5.980852582724442e-06,4.3488706348995725e-08,3392.142608965245,3.1604348530714943,12996.285069500407
17,17,0.11764705882352941,5.980898026790792e-06,4.348903678744567e-08,3392.1426089664515,3.1604348530726187,12996.2850695035
17,18,0.11764705882352941,5.980993589345628e-06,4.3489731653575166e-08,3392.142608966249,3.16043485307243,12996.285069506765
17,19,0.11764705882352941,5.980932638330094e-06,4.348928845910087e-08,3392.1426089669912,3.1604348530731214,12996.28506950737
17,20,0.11764705882352941,5.9809019959351425e-06,4.348906564837323e-08,3392.14260896798,3.160434853074043,12996.285069524338
16,2,0.125,27.104469991779684,0.20934801303925774,3219.9958782773288,3.1875190196453786,13247.811089806144
16,3,0.125,4.278834494245765,0.03304862628805722,3193.247537930133,3.1610404628944777,12228.351287086702
16,4,0.125,0.5719350863885055,0.004417480731376889,3192.1967549982464,3.1600002781527823,12228.531859015467
16,5,0.125,0.07760235188455823,0.0005993807729548913,3192.285531720692,3.160088159473751,12228.074340132818
16,6,0.125,0.007354640362205163,5.6805366307215594e-05,3192.293075750578,3.1600956274145973,12228.06970961413
16,7,0.125,0.000907877593463083,7.012214971626528e-06,3192.292634084117,3.1600951902027816,12228.070840438979
16,8,0.125,6.698688262707454e-05,5.173895959568711e-07,3192.2925891882483,3.1600951457597324,12228.070820989393
16,9,0.125,9.324491683893388e-06,7.20199954921159e-08,3192.292591200449,3.160095147751638,12228.070816306981
16,10,0.125,5.645276495232898e-06,4.3602675783465225e-08,3192.292591406377,3.160095147955489,12228.070819205146
16,11,0.125,8.134185342778092e-06,6.282637290897405e-08,3192.292596269288,3.160095152769353,12228.070812960133
16,12,0.125,5.621220526528291e-06,4.3416873616827345e-08,3192.2925914064062,3.1600951479555177,12228.070819178058
16,13,0.125,5.6212146837375316e-06,4.3416828488601766e-08,3192.292591402485,3.160095147951636,12228.070819151626
16,14,0.125,5.621213282740855e-06,4.341681766766077e-08,3192.292591402942,3.1600951479520885,12228.07081917374
16,15,0.125,5.621278724265976e-06,4.34173231213095e-08,3192.2925914018665,3.1600951479510235,12228.070819156557
16,16,0.125,5.621252029353144e-06,4.341711693661151e-08,3192.292591400061,3.1600951479492365,12228.070819136618
16,17,0.125,5.6211883452110925e-06,4.341662505654137e-08,3192.2925914052275,3.160095147954351,12228.07081918945
16,18,0.125,5.621212079050427e-06,4.341680837066292e-08,3192.2925914037855,3.160095147952924,12228.070819175877
16,19,0.125,5.6212132795738725e-06,4.3416817643199804e-08,3192.2925914023494,3.160095147951502,12228.070819142404
16,20,0.125,5.621377391364292e-06,4.341808520081119e-08,3192.2925914020802,3.1600951479512354,12228.070819110508
15,2,0.13333333333333333,28.925750991954725,0.23837205353407875,3023.2645764873055,3.1923209412837195,12517.24660733374
15,3,0.13333333333333333,4.792973574959278,0.03949805672860112,2994.2466847367,3.1616804130852274,11465.811624898935
15,4,0.13333333333333333,0.7125739758705013,0.005872197474507677,2992.9606407496585,3.1603224554710727,11466.466716402447
15,5,0.13333333333333333,0.09413515159984062,0.0007757513159411819,2993.0571630749337,3.1604243751782244,11465.880734366861
15,6,0.13333333333333333,0.011125779848703523,9.16856053431825e-05,2993.0675649368973,3.1604353586965157,11465.884555698503
15,7,0.13333333333333333,0.001199340362120677,9.883554106668738e-06,2993.067078573718,3.1604348451366455,11465.887402918524
15,8,0.13333333333333333,0.0001195609107071339,9.852805486568347e-07,2993.0670056277836,3.1604347681116853,11465.887280486353
15,9,0.13333333333333333,1.23084310571521e-05,1.0143162705410909e-07,2993.0670077472396,3.1604347703496583,11465.887268644436
15,10,0.13333333333333333,5.371134304538033e-06,4.426257815522824e-08,2993.0670080983955,3.16043477072045,11465.88726939139
15,11,0.13333333333333333,7.666546550761748e-06,6.31786689074374e-08,2993.0670125893776,3.1604347754625612,11465.88726209904
15,12,0.13333333333333333,5.280796241572049e-06,4.351811798244027e-08,2993.067008081647,3.160434770702765,11465.887269585506
15,13,0.13333333333333333,5.2810208757651515e-06,4.3519969153527185e-08,2993.067008081691,3.1604347707028113,11465.88726959626
15,14,0.13333333333333333,5.281002589987365e-06,4.351981846363144e-08,2993.067008081947,3.1604347707030818,11465.887269601293
15,15,0.13333333333333333,5.2811059727531844e-06,4.3520670422918346e-08,2993.067008082725,3.1604347707039033,11465.88726960193
15,16,0.13333333333333333,5.280927148359748e-06,4.3519196762376316e-08,2993.0670080803843,3.1604347707014315,11465.887269598907
15,17,0.13333333333333333,5.280815839768484e-06,4.3518279487748497e-08,2993.0670080833356,3.1604347707045486,11465.887269582425
15,18,0.13333333333333333,5.280930426624404e-06,4.351922377798183e-08,2993.067008082971,3.160434770704163,11465.887269608664
15,19,0.13333333333333333,5.281010331777276e-06,4.351988226236771e-08,2993.067008081073,3.160434770702159,11465.887269609311
15,20,0.13333333333333333,5.280964059884129e-06,4.351950094379129e-08,2993.067008081227,3.160434770702321,11465.887269584204
14,2,0.14285714285714285,30.738780696485495,0.2708293640033347,2826.316991529221,3.197113298697519,11525.091320395495
14,3,0.14285714285714285,5.639187859748885,0.04968504367922879,2793.006674713488,3.15943286257001,10678.179829295388
14,4,0.14285714285714285,0.8151899802689353,0.007182372849400925,2791.5320128674916,3.1577647336895462,10690.05880300094
14,5,0.14285714285714285,0.13203692874908285,0.001163334284178561,2791.655961722462,3.1579049439114617,10689.46243628501
14,6,0.14285714285714285,0.01430886287575047,0.00012607072058305497,2791.668773546502,3.1579194365721013,10689.43031738343
14,7,0.14285714285714285,0.0019048617964273504,1.6783115567744466e-05,2791.66796682599,3.1579185240145624,10689.43136695868
14,8,0.14285714285714285,0.00018382298979473626,1.6196043657968517e-06,2791.6678827190967,3.157918428873335,10689.431332415505
14,9,0.14285714285714285,2.020514998399276e-05,1.7802098182711593e-07,2791.6678885075394,3.1579184354211876,10689.43132954579
14,10,0.14285714285714285,5.187787395275131e-06,4.570790151762658e-08,2791.6678886677587,3.157918435602427,10689.431329168343
14,11,0.14285714285714285,7.108103611703159e-06,6.26271809358878e-08,2791.6678927744397,3.1579184402478804,10689.431324906003
14,12,0.14285714285714285,4.885571591315891e-06,4.304517670800537e-08,2791.6678886652358,3.1579184355995737,10689.431329695059
14,13,0.14285714285714285,4.8846141089137585e-06,4.303674064306921e-08,2791.667888663414,3.1579184355975123,10689.431329720395
14,14,0.14285714285714285,4.884328505580775e-06,4.3034224285319275e-08,2791.667888663459,3.157918435597563,10689.431329719484
14,15,0.14285714285714285,4.884308415929181e-06,4.3034047281956064e-08,2791.6678886641866,3.1579184355983863,10689.431329717581
14,16,0.14285714285714285,4.884542665607783e-06,4.303611117941837e-08,2791.6678886615477,3.157918435595401,10689.431329722454
14,17,0.14285714285714285,4.884428533876416e-06,4.303510560198431e-08,2791.667888664644,3.157918435598904,10689.431329700396
14,18,0.14285714285714285,4.884354657772517e-06,4.3034454703745e-08,2791.667888663909,3.157918435598072,10689.431329743546
14,19,0.14285714285714285,4.884288889991464e-06,4.303387524529183e-08,2791.6678886634677,3.1579184355975722,10689.43132971894
14,20,0.14285714285714285,4.884437147201909e-06,4.303518149118396e-08,2791.667888663434,3.157918435597535,10689.4313297104
13,2,0.15384615384615385,33.07791061451805,0.3145157537988835,2629.676753828207,3.2039066378779477,10915.862140547046
13,3,0.15384615384615385,6.302690783381074,0.05992807604439004,2595.8192604515775,3.1626558462689123,9931.547665748469
13,4,0.15384615384615385,1.0714319958702263,0.010187531061211084,2593.8514236574556,3.16025830240434,9936.214936773784
13,5,0.15384615384615385,0.1633766732550529,0.0015534396395464572,2593.9723161286765,3.1604055935839312,9935.552645070384
13,6,0.15384615384615385,0.022265055576734513,0.00021170353894774623,2593.992257044432,3.1604298889016964,9935.551766861403
13,7,0.15384615384615385,0.0027700432113035266,2.6338490323999638e-05,2593.991584941593,3.160429070034988,9935.55731293252
13,8,0.15384615384615385,0.0003183076298204276,3.026574601388753e-06,2593.991402633685,3.160428847917378,9935.557097645993
13,9,0.15384615384615385,3.4552534133501145e-05,3.285369636947398e-07,2593.9914056102098,3.1604288515438723,9935.557061440375
13,10,0.15384615384615385,5.780154701449833e-06,5.4959629530008706e-08,2593.991406770267,3.1604288529572453,9935.557064487239
13,11,0.15384615384615385,6.703277659550228e-06,6.373698903132408e-08,2593.9914105237813,3.160428857530397,9935.557060869634
13,12,0.15384615384615385,4.598828077218073e-06,4.3727183864596295e-08,2593.991406757209,3.1604288529413362,9935.55706496768
13,13,0.15384615384615385,4.598659501439006e-06,4.372558099013293e-08,2593.9914067576115,3.160428852941826,9935.55706499051
13,14,0.15384615384615385,4.598863731659443e-06,4.372752287885976e-08,2593.991406757442,3.160428852941619,9935.557064988212
13,15,0.15384615384615385,4.598998155323698e-06,4.3728801023679256e-08,2593.9914067574186,3.1604288529415916,9935.55706498882
13,16,0.15384615384615385,4.5986314192987875e-06,4.372531397582232e-08,2593.9914067562268,3.1604288529401394,9935.55706497507
13,17,0.15384615384615385,4.598882687683862e-06,4.372770311903208e-08,2593.9914067599075,3.1604288529446234,9935.557065008985
13,18,0.15384615384615385,4.598820064248966e-06,4.372710767462625e-08,2593.9914067582395,3.1604288529425912,9935.557065026434
13,19,0.15384615384615385,4.598861365705808e-06,4.372750038258725e-08,2593.991406757591,3.1604288529418016,9935.557064987344
13,20,0.15384615384615385,4.598762437376128e-06,4.372655973919101e-08,2593.991406758162,3.160428852942497,9935.55706498042
12,2,0.16666666666666666,35.69152843521135,0.3638693849498799,2432.7280672929255,3.2072411324473484,10384.61555846798
12,3,0.16666666666666666,7.322525891989874,0.0746519723142293,2390.7777895249574,3.151935051104382,9134.051174089176
12,4,0.16666666666666666,1.3357619785232118,0.013617878271785408,2388.8235618963386,3.1493586516633854,9165.604185863202
12,5,0.16666666666666666,0.21971573603269826,0.0022399665477804485,2388.9734174640985,3.1495562170827625,9163.775226993774
12,6,0.16666666666666666,0.033240804051493864,0.00033888464450079314,2388.9936396612784,3.149582877465999,9163.75108264912
12,7,0.16666666666666666,0.004347585745150683,4.4322936575172655e-05,2388.992411760802,3.149581258636107,9163.763028792622
12,8,0.16666666666666666,0.0005540962811282419,5.648922359353009e-06,2388.992328418016,3.149581148759292,9163.762229277072
12,9,0.16666666666666666,6.375547810317058e-05,6.499768326452406e-07,2388.9923440053326,3.1495811693091778,9163.762063784661
12,10,0.16666666666666666,8.256296939384443e-06,8.417161777621147e-08,2388.992342552839,3.1495811673942504,9163.76207177041
12,11,0.16666666666666666,6.121286598514405e-06,6.240553115416586e-08,2388.9923457304053,3.1495811715834656,9163.762070757135
12,12,0.16666666666666666,4.113980632781391e-06,4.194137007226259e-08,2388.9923424281014,3.1495811672297997,9163.762076403793
12,13,0.16666666666666666,4.112766057617878e-06,4.192898767405498e-08,2388.99234242076,3.149581167220121,9163.762076143119
12,14,0.16666666666666666,4.112710946615765e-06,4.192842582626303e-08,2388.9923424248746,3.1495811672255454,9163.762076358707
12,15,0.16666666666666666,4.112803686124628e-06,4.1929371290621934e-08,2388.9923424240524,3.1495811672244614,9163.76207635972
12,16,0.16666666666666666,4.112918083272308e-06,4.193053755112103e-08,2388.992342423903,3.1495811672242646,9163.762076321276
12,17,0.16666666666666666,4.112871237157641e-06,4.1930059962525686e-08,2388.992342423849,3.149581167224193,9163.762076361782
12,18,0.16666666666666666,4.112881796452458e-06,4.193016761283597e-08,2388.9923424241124,3.1495811672245404,9163.762076365558
12,19,0.16666666666666666,4.112722086814174e-06,4.1928539398791886e-08,2388.99234242509,3.1495811672258296,9163.762076345382
12,20,0.16666666666666666,4.112846106012535e-06,4.1929803754548225e-08,2388.992342425133,3.149581167225886,9163.76207634201
11,2,0.18181818181818182,38.26585695786625,0.42984056804076026,2236.803762856094,3.220533208370946,9132.22752068344
11,3,0.18181818181818182,8.622401702372649,0.0968554826749173,2197.9347840776823,3.164569945517926,8395.063584693633
11,4,0.18181818181818182,1.7099867438099974,0.019208289889098173,2194.7451249047335,3.1599774982677706,8407.166481133969
11,5,0.18181818181818182,0.3080249950118954,0.003460046353396716,2194.875591762856,3.160165343467315,8406.609887516499
11,6,0.18181818181818182,0.04964287375522118,0.0005576386562468843,2194.916742479696,3.160224591959441,8406.603659518252
11,7,0.18181818181818182,0.0072706482639105265,8.167122934748288e-05,2194.9162600761383,3.1602238973984327,8406.615371527118
11,8,0.18181818181818182,0.0009979886298280797,1.12104114123423e-05,2194.9157523012573,3.1602231663079836,8406.615005716872
11,9,0.18181818181818182,0.0001237591885928113,1.3901876020592302e-06,2194.9157497646347,3.160223162655773,8406.614895527024
11,10,0.18181818181818182,1.607825896689906e-05,1.8060716567900195e-07,2194.915754193866,3.1602231690329474,8406.614901842526
11,11,0.18181818181818182,5.869137434470029e-06,6.592805099124485e-08,2194.9157572280888,3.160223173401598,8406.614896330953
11,12,0.18181818181818182,3.891241230334713e-06,4.3710332756231755e-08,2194.915754220506,3.160223169071304,8406.614902257208
11,13,0.18181818181818182,3.882035994786107e-06,4.36069302979641e-08,2194.9157542108214,3.16022316905736,8406.614902405692
11,14,0.18181818181818182,3.8826653863497515e-06,4.3614000256636004e-08,2194.9157542129683,3.1602231690604503,8406.614902396175
11,15,0.18181818181818182,3.882774970248367e-06,4.3615231213132834e-08,2194.9157542134917,3.1602231690612044,8406.614902377334
11,16,0.18181818181818182,3.882762726825823e-06,4.361509368270442e-08,2194.9157542103644,3.1602231690567013,8406.614902421556
11,17,0.18181818181818182,3.882591463462698e-06,4.361316988046548e-08,2194.915754213478,3.1602231690611844,8406.614902392732
11,18,0.18181818181818182,3.882722971404277e-06,4.361464710984969e-08,2194.9157542142834,3.160223169062344,8406.614902379897
11,19,0.18181818181818182,3.8827619820589915e-06,4.361508531673477e-08,2194.9157542126463,3.1602231690599876,8406.614902395171
11,20,0.18181818181818182,3.882625085281174e-06,4.3613547554525366e-08,2194.9157542119647,3.1602231690590057,8406.61490240028
10,2,0.2,44.15981732234233,0.5344085065912427,2044.7759386717244,3.217389050844988,8167.675367896851
10,3,0.2,9.561831884801993,0.1157143441181817,1996.2733796016207,3.1410718370423427,7680.585982593504
10,4,0.2,2.331901399935187,0.028219952441399528,1993.9226472477094,3.137373035430928,7710.905367954389
10,5,0.2,0.4290197503101365,0.0051918648663745615,1993.8437848074368,3.1372489479223375,7706.701714127079
10,6,0.2,0.07872140792583385,0.0009526622299934243,1993.8552155262553,3.1372669337900674,7706.865837807528
10,7,0.2,0.012425062531994246,0.0001503642794433926,1993.8547808718693,3.1372662498753967,7706.927572777716
10,8,0.2,0.0019261996513650359,2.3310274849387917e-05,1993.8553367864645,3.137267124589099,7706.928092664193
10,9,0.2,0.0002512313172683326,3.040324014257016e-06,1993.8553967909168,3.1372672190041717,7706.927334201324
10,10,0.2,3.706505654371929e-05,4.485498970628066e-07,1993.855380335156,3.1372671931115623,7706.927297586859
10,11,0.2,6.495998386622721e-06,7.861257149851892e-08,1993.8553814205552,3.137267194819402,7706.927297256041
10,12,0.2,3.515342730320837e-06,4.254159488374201e-08,1993.8553790316223,3.137267191060494,7706.927304401591
10,13,0.2,3.4783682397904136e-06,4.2094140988674867e-08,1993.8553790329975,3.1372671910626577,7706.927304330707
10,14,0.2,3.475830807496202e-06,4.2063433764661064e-08,1993.8553790321469,3.1372671910613192,7706.92730405255
10,15,0.2,3.4754937073442657e-06,4.205935428246002e-08,1993.8553790319108,3.137267191060948,7706.927304054962
10,16,0.2,3.4755079238899657e-06,4.205952632671692e-08,1993.8553790286635,3.137267191055838,7706.927304093986
10,17,0.2,3.475539472316656e-06,4.20599081160588e-08,1993.8553790307715,3.1372671910591547,7706.927304077624
10,18,0.2,3.475533869620896e-06,4.205984031396052e-08,1993.855379031464,3.137267191060245,7706.927304056571
10,19,0.2,3.4759586956438522e-06,4.2064981427630265e-08,1993.8553790314531,3.1372671910602272,7706.927304056316
10,20,0.2,3.4759164140347534e-06,4.2064469748621046e-08,1993.8553790305155,3.137267191058752,7706.927304056381
9,2,0.2222222222222222,44.710713618894324,0.6137636047685556,1843.347284019938,3.240579313781409,7183.412992351405
9,3,0.2222222222222222,12.407236613426573,0.17031958679932646,1801.3083732078153,3.166675483541359,6850.792602704852
9,4,0.2222222222222222,2.9571416043793404,0.0405939817106372,1795.6932565640832,3.156804185279826,6879.00078896687
9,5,0.2222222222222222,0.6409655638261201,0.008798815835052598,1795.7350317632902,3.1568776255086712,6879.038028994049
9,6,0.2222222222222222,0.13082106502789242,0.001795838222032979,1795.8268244548788,3.1570389958050322,6879.038719744328
9,7,0.2222222222222222,0.02170272718599873,0.0002979228688794191,1795.8295916085676,3.15704386042337,6879.067588173554
9,8,0.2222222222222222,0.004101218425728755,5.6299226766417924e-05,1795.8279735045514,3.1570410158186406,6879.06725159072
9,9,0.2222222222222222,0.0005203571432354428,7.143171069054188e-06,1795.8278964422284,3.1570408803441308,6879.066942608988
9,10,0.2222222222222222,9.765825851243481e-05,1.340597810424609e-06,1795.8279170958574,3.1570409166529285,6879.0669611057065
9,11,0.2222222222222222,1.1277716616160957e-05,1.5481416966174473e-07,1795.827920513753,3.157040922661542,6879.066963414212
9,12,0.2222222222222222,3.6644315794746666e-06,5.0303261871795695e-08,1795.8279180833347,3.1570409183889,6879.066962642682
9,13,0.2222222222222222,3.2009241515776656e-06,4.3940491816100485e-08,1795.8279180546963,3.157040918338554,6879.066962880225
9,14,0.2222222222222222,3.18989399348368e-06,4.3789075991011287e-08,1795.827918069839,3.1570409183651744,6879.066962831105
9,15,0.2222222222222222,3.1904718886113527e-06,4.379700901126594e-08,1795.8279180714537,3.157040918368014,6879.066962890329
9,16,0.2222222222222222,3.1908141664985356e-06,4.380170761016688e-08,1795.8279180695065,3.15704091836459,6879.066962885868
9,17,0.2222222222222222,3.1906530156622473e-06,4.379949542185258e-08,1795.8279180713132,3.157040918367766,6879.066962894058
9,18,0.2222222222222222,3.190689502002223e-06,4.3799996285867837e-08,1795.827918071307,3.1570409183677555,6879.066962896596
9,19,0.2222222222222222,3.1906897111360054e-06,4.379999915673913e-08,1795.8279180714783,3.1570409183680566,6879.066962901857
9,20,0.2222222222222222,3.1908475194060313e-06,4.3802165460178144e-08,1795.8279180726283,3.157040918370078,6879.0669629177555
8,2,0.25,56.83381130645796,0.911221698285873,1648.6933310485078,3.181575536341349,5953.002286363361
8,3,0.25,13.456366538533057,0.21574715628135252,1627.683495211075,3.1410316835434413,6105.663974176888
8,4,0.25,4.191596463567623,0.06720424972849122,1623.7041323997228,3.1333524850336896,6102.318197068617
8,5,0.25,0.9295606606021303,0.01490373114775365,1623.2434079333382,3.13246339931736,6104.132999657379
8,6,0.25,0.24008187109756343,0.003849254612356315,1623.2301575489219,3.132437829311033,6104.6630139286
8,7,0.25,0.037420362599384194,0.0005999640983853829,1623.2293597983723,3.1324362898472744,6104.698769252252
8,8,0.25,0.009639650628811822,0.00015455340078292956,1623.2312655345854,3.1324399674528065,6104.707325525872
8,9,0.25,0.0011560605107955463,1.8535223975884434e-05,1623.231426873349,3.1324402787972234,6104.707663894848
8,10,0.25,0.0002764068712185378,4.431656663874328e-06,1623.2313845370895,3.13244019709858,6104.707484875976
8,11,0.25,3.324490864969642e-05,5.33018663059341e-07,1623.2313841451876,3.132440196342305,6104.707499069035
8,12,0.25,6.669002356265541e-06,1.0692472514610786e-07,1623.2313828833005,3.1324401939071707,6104.707501994834
8,13,0.25,2.9017262085272245e-06,4.652364187643979e-08,1623.2313828455156,3.132440193834255,6104.70750063635
8,14,0.25,2.7844571396777376e-06,4.464345616274139e-08,1623.2313828545387,3.1324401938516675,6104.707500663321
8,15,0.25,2.785245994654293e-06,4.4656103946779e-08,1623.231382859079,3.13244019386043,6104.70750075437
8,16,0.25,2.7857953675786335e-06,4.466491209315529e-08,1623.2313828557296,3.132440193853966,6104.707500913154
8,17,0.25,2.785418674792419e-06,4.4658872543237806e-08,1623.231382857808,3.1324401938579767,6104.707500905081
8,18,0.25,2.785422827442178e-06,4.465893912305145e-08,1623.231382856667,3.1324401938557753,6104.70750090559
8,19,0.25,2.7854056007178075e-06,4.465866292540298e-08,1623.2313828565048,3.1324401938554622,6104.707500905122
8,20,0.25,2.7855149107234038e-06,4.46604155027271e-08,1623.231382857629,3.1324401938576307,6104.707500899572
7,2,0.2857142857142857,54.70448353594778,0.9579272617947534,1450.2388967789755,3.2592397341233577,5504.881135091767
7,3,0.2857142857142857,18.772331427125486,0.3287212835063713,1408.0671121402493,3.1644636551899445,5385.932224231527
7,4,0.2857142857142857,5.718409652062027,0.10013476310805208,1396.22962495135,3.1378603081938556,5369.207425394639
7,5,0.2857142857142857,1.5099882799526347,0.02644132335892889,1395.8357315067753,3.136975079444013,5380.498927504219
7,6,0.2857142857142857,0.4185066052689102,0.007328446600996122,1396.0597413400956,3.137478514947787,5380.598652579709
7,7,0.2857142857142857,0.08779353215216656,0.0015373478081106519,1396.0848460837465,3.1375349348784645,5380.779739670884
7,8,0.2857142857142857,0.02026068190478559,0.00035478370847596215,1396.0777363110503,3.1375189565084702,5380.760309882095
7,9,0.2857142857142857,0.0038579700003937784,6.755670467366724e-05,1396.0770134537943,3.1375173319726124,5380.755951851963
7,10,0.2857142857142857,0.000744849233550799,1.3043014770011864e-05,1396.0772179668304,3.1375177915913794,5380.756170897511
7,11,0.2857142857142857,0.00013237147745438972,2.317949804868998e-06,1396.077229522414,3.1375178175611813,5380.756339806099
7,12,0.2857142857142857,2.293185506667807e-05,4.0155847769702334e-07,1396.0772217785527,3.1375178001577724,5380.75634535136
7,13,0.2857142857142857,4.557744521674969e-06,7.981041858733816e-08,1396.0772217023643,3.1375177999865485,5380.756341582365
7,14,0.2857142857142857,2.5432522963860455e-06,4.4534753842057163e-08,1396.0772219015175,3.1375178004341215,5380.756341345936
7,15,0.2857142857142857,2.4756045291700904e-06,4.335017743758154e-08,1396.077221893464,3.1375178004160227,5380.756341369686
7,16,0.2857142857142857,2.476041469399338e-06,4.335782867437818e-08,1396.0772218890233,3.1375178004060422,5380.7563412708
7,17,0.2857142857142857,2.475835518517891e-06,4.335422227959704e-08,1396.0772218904674,3.1375178004092876,5380.7563412591335
7,18,0.2857142857142857,2.475898487779362e-06,4.335532493093966e-08,1396.0772218899735,3.1375178004081774,5380.756341268495
7,19,0.2857142857142857,2.475890190569552e-06,4.335517963894602e-08,1396.077221889187,3.1375178004064104,5380.756341266026
7,20,0.2857142857142857,2.4758914304017044e-06,4.335520134958e-08,1396.0772218898512,3.137517800407903,5380.756341269874
6,2,0.3333333333333333,56.284934161233465,1.3132562531762355,1187.287018036052,2.9214187518921366,4428.913926231573
6,3,0.3333333333333333,25.119602840890213,0.586097789749634,1211.0660181166513,2.9799289652452807,4199.370000055403
6,4,0.3333333333333333,7.214974305093941,0.16834185317740877,1193.8208362872697,2.9374957567533,4190.852205567551
6,5,0.3333333333333333,2.8883010211201854,0.06739066916514033,1193.8307216141868,2.937520080424819,4190.854421096623
6,6,0.3333333333333333,0.6664933811815232,0.015550815037464484,1193.882755679208,2.9376481145825077,4190.811578294095
6,7,0.3333333333333333,0.22232183156585417,0.005187276841882575,1193.920283107164,2.937740453949549,4190.3489445692885
6,8,0.3333333333333333,0.04637087608914324,0.0010819386021645337,1193.9069516020547,2.937707650669107,4190.4127184216595
6,9,0.3333333333333333,0.011987915959578174,0.00027970549901274366,1193.9070559635575,2.937707907459291,4190.432167322488
6,10,0.3333333333333333,0.002427965176382815,5.664998099216037e-05,1193.9075298793975,2.9377090735687497,4190.428386492895
6,11,0.3333333333333333,0.0005174291560495784,1.2072805714070319e-05,1193.9074349423065,2.937708839968118,4190.4276649226495
6,12,0.3333333333333333,0.00010267434503160127,2.3956273141809035e-06,1193.907419267616,2.9377088013992343,4190.427852703267
6,13,0.3333333333333333,1.8730377562781748e-05,4.3702255008795655e-07,1193.9074242264987,2.9377088136009784,4190.427862075366
6,14,0.3333333333333333,4.198640315907263e-06,9.796388202050661e-08,1193.907424543968,2.9377088143821384,4190.42785633565
6,15,0.3333333333333333,2.116433534952991e-06,4.93812352386696e-08,1193.9074243636871,2.937708813938542,4190.427856532905
6,16,0.3333333333333333,2.0480592540300533e-06,4.778590687386675e-08,1193.907424378557,2.93770881397513,4190.427855900047
6,17,0.3333333333333333,2.0472938460747157e-06,4.776804815556927e-08,1193.90742437528,2.9377088139670673,4190.42785590099
6,18,0.3333333333333333,2.04800736465499e-06,4.778469617606119e-08,1193.9074243787718,2.9377088139756586,4190.427855896416
6,19,0.3333333333333333,2.0465345590367023e-06,4.7750332252273187e-08,1193.907424378831,2.9377088139758043,4190.427855896042
6,20,0.3333333333333333,2.0471984705068965e-06,4.776582282542177e-08,1193.9074243788102,2.9377088139757537,4190.427855892856
5,2,0.4,70.74492987278754,1.6890322006208955,1082.1180169787392,3.3843981010878235,4654.7324870791335
5,3,0.4,31.879954533397186,0.7611325625463689,1024.7990819019387,3.2051292117554766,3982.420848371244
5,4,0.4,11.266556371438481,0.2689885555853798,998.0900360925176,3.1215948444305046,3932.0945216649375
5,5,0.4,4.742702538964772,0.11323182199321528,997.2724146028891,3.119037677306873,3969.4619767177305
5,6,0.4,1.6133807729563612,0.038519397535428636,997.1920029147203,3.1187861842529974,3970.8464840365923
5,7,0.4,0.524161042328628,0.012514322657412239,997.2258681768858,3.1188921001763696,3971.3814251407653
5,8,0.4,0.1582038958060219,0.0037771113033900757,997.1877125155358,3.1187727657361397,3971.6374049252554
5,9,0.4,0.04311027616917618,0.001029256015354491,997.1909162011754,3.118782785482069,3971.6750569643496
5,10,0.4,0.011908885863667453,0.00028432414497297386,997.1944088801341,3.1187937090743665,3971.6752487672593
5,11,0.4,0.0027360412208599664,6.532286812028048e-05,997.1941766711088,3.11879298282476,3971.672119563345
5,12,0.4,0.0007430624849287251,1.7740585316499983e-05,997.1939632979689,3.1187923154856727,3971.672144786175
5,13,0.4,0.0001439411740238657,3.436589425682691e-06,997.1939678494923,3.1187923297208733,3971.6722943848167
5,14,0.4,3.885581095105565e-05,9.276808386916713e-07,997.1939769429591,3.118792358161313,3971.6722876094877
5,15,0.4,7.034287813449632e-06,1.679433232419067e-07,997.1939771182479,3.11879235870954,3971.6722835541154
5,16,0.4,2.459388263078818e-06,5.8717790485323154e-08,997.1939767873981,3.1187923576747854,3971.6722844237274
5,17,0.4,1.789492266531716e-06,4.272405197615108e-08,997.1939768178686,3.118792357770084,3971.672284565307
5,18,0.4,1.7577321745222491e-06,4.196578112628052e-08,997.1939768142662,3.118792357758817,3971.672284577966
5,19,0.4,1.755437348017741e-06,4.1910992240802475e-08,997.193976813193,3.11879235775546,3971.6722846154776
5,20,0.4,1.7571646687271958e-06,4.1952231949489935e-08,997.1939768155435,3.1187923577628114,3971.672284594457
4,2,0.5,88.80523562400228,2.201052512784751,1048.4016728466402,4.169100085925869,3739.698186583078
4,3,0.5,45.27485589335926,1.1221448220910057,753.0619974780644,2.994645010312343,3678.1202550213725
4,4,0.5,18.070509513587066,0.44788057925530017,759.8914272650918,3.0218030901297968,3822.7417468605695
4,5,0.5,8.689763059843255,0.21537722054309327,750.9649585390379,2.986305873274201,3821.5420461612025
4,6,0.5,3.55019379145632,0.08799214270026376,752.0349459539591,2.9905608117572497,3842.6888079439127
4,7,0.5,1.4108209289541151,0.03496743101849812,751.5020417645587,2.988441651745051,3846.8933525404204
4,8,0.5,0.5937545623939811,0.014716305433476686,751.4611777487055,2.988279150886442,3846.4895589401717
4,9,0.5,0.1498208427165079,0.0037133344674057725,751.4885266138451,2.9883879070616333,3846.9753067298657
4,10,0.5,0.07027826398018867,0.0017418584438273338,751.4951037413999,2.9884140618301394,3847.0140760549825
4,11,0.5,0.016003744731011724,0.0003966554708925116,751.4918470304816,2.988401111112755,3847.011767834157
4,12,0.5,0.005569222974105054,0.0001380341162914426,751.4918180359738,2.9884009958124764,3847.007845570475
4,13,0.5,0.001714665840474479,4.249827760991237e-05,751.4920198687875,2.9884017984258477,3847.0095661984906
4,14,0.5,0.0003167765129514632,7.851358480429038e-06,751.49199091113,2.9884016832721083,3847.0095599277224
4,15,0.5,0.00013862236468468222,3.4357783296609756e-06,751.4919820033506,2.988401647849212,3847.0094549685346
4,16,0.5,2.085157177156924e-05,5.168096691690939e-07,751.491984985567,2.9884016597083685,3847.0094657941463
4,17,0.5,8.169057332546143e-06,2.024714426186783e-07,751.4919851103767,2.9884016602046897,3847.0094704576227
4,18,0.5,2.2047702008389175e-06,5.464559557294638e-08,751.4919849772268,2.988401659675202,3847.0094695519206
4,19,0.5,1.3514508816025677e-06,3.3495934535334084e-08,751.4919850215491,2.9884016598514553,3847.009469284406
4,20,0.5,1.3092000784503636e-06,3.2448741362635625e-08,751.491985009951,2.988401659805334,3847.0094689863013
3,2,0.6666666666666666,167.59948239574703,7.414399070220564,1137.6918999813192,5.686788118787844,4348.232988924852
3,3,0.6666666666666666,44.622086690310475,1.9740273259718304,583.7548079496507,2.9179164466125345,2174.1780216760867
3,4,0.6666666666666666,29.236078548154868,1.2933688726584962,631.4543879808343,3.1563442714014416,2190.9323068097
3,5,0.6666666666666666,15.596794445901525,0.6899833853010037,604.3018224419403,3.020621333492042,2192.8498121329176
3,6,0.6666666666666666,7.795460569324436,0.3448617786340302,597.1817426860708,2.9850313948090252,2177.5849870764337
3,7,0.6666666666666666,5.011599460493973,0.221707118954368,597.6103787069959,2.987173945205245,2194.203298587725
3,8,0.6666666666666666,1.9983874138931097,0.08840625025632859,597.5739685437441,2.986991947879091,2197.2494074786296
3,9,0.6666666666666666,1.0773230011208406,0.04765947092232954,597.7685522904584,2.987964580750031,2201.4382676052624
3,10,0.6666666666666666,0.4262454009927725,0.018856582727052623,597.6140510122199,2.987192301336388,2199.6284305921704
3,11,0.6666666666666666,0.18342865048927742,0.00811466238558039,597.5976627437256,2.9871103840698923,2199.605062685122
3,12,0.6666666666666666,0.07104834069463903,0.003143092947883787,597.6164305439477,2.987204195499261,2199.7507161068957
3,13,0.6666666666666666,0.027138017921302614,0.001200553199610842,597.617573295934,2.987209907580378,2199.795440711306
3,14,0.6666666666666666,0.009729200954538414,0.0004304081222696494,597.6152837993792,2.987198463461099,2199.769510476587
3,15,0.6666666666666666,0.003518867101328059,0.0001556704387828023,597.6151581500761,2.9871978353991753,2199.7646737590203
3,16,0.6666666666666666,0.001180009575831851,5.220220120513363e-05,597.6153854936452,2.9871989717830303,2199.767488124202
3,17,0.6666666666666666,0.00039569811477197674,1.7505207607537477e-05,597.615415361622,2.9871991210790356,2199.768099194575
3,18,0.6666666666666666,0.00013243291490569014,5.8586725156155065e-06,597.6153919919772,2.9871990042651433,2199.7678017446024
3,19,0.6666666666666666,3.920141954169721e-05,1.734223545601246e-06,597.6153882196273,2.9871989854089365,2199.767733853474
3,20,0.6666666666666666,1.380988445138281e-05,6.109326411546507e-07,597.6153905048322,2.9871989968316033,2199.76776396939
2,2,1.0,104.486047261449,7.646491505405933,495.26931426520997,3.173793861101452,1967.0195806438276
2,3,1.0,97.97139270710652,7.169736455176243,818.9254798829134,5.247853210142892,3561.5696417342756
2,4,1.0,20.545140330898416,1.5035332002223256,373.0062003287341,2.3903051423900283,1210.5476668101305
2,5,1.0,50.78201877170879,3.716326584674086,495.6035820584921,3.175935922076614,2224.9217193588747
2,6,1.0,16.91823962245008,1.238109574915626,396.57499429164835,2.54133911812511,1163.5139001321618
2,7,1.0,7.508323817139333,0.5494736933050364,388.7355150930491,2.4911020244104303,1271.9087280148879
2,8,1.0,6.427756831631897,0.47039570641335265,385.8642162885784,2.472702114994404,1105.288566137254
2,9,1.0,4.347233926508473,0.31813900671237366,385.12973949475077,2.4679954273959006,1131.2540668546071
2,10,1.0,1.8291623070431977,0.13386164382136628,383.98648388483787,2.4606691959256657,1115.2291971870457
2,11,1.0,1.0718630400610016,0.07844101528959846,383.9847772517852,2.460658259448582,1116.375323479825
2,12,1.0,0.6147555189669256,0.04498900070283722,383.98236872958864,2.460642825112673,1115.983949949358
2,13,1.0,0.23163963882878277,0.016951837848622454,383.97614751886294,2.4606029582365285,1116.2211743851096
2,14,1.0,0.1378867368288546,0.010090818721773882,383.97483218487065,2.4605945292892275,1116.1575005864886
2,15,1.0,0.0678253679553492,0.004963591919827183,383.97415345036006,2.460590179810346,1116.1633377509881
2,16,1.0,0.022914601704503948,0.0016769349772110412,383.9736753124361,2.460587115798173,1116.1608452045334
2,17,1.0,0.013439067572819135,0.0009834970192623281,383.97372878178504,2.460587458441431,1116.160341973904
2,18,1.0,0.005828084659321305,0.0004265105342608687,383.9737665767216,2.460587700639633,1116.160556891209
2,19,1.0,0.001856293495125017,0.0001358471567643537,383.9737661446633,2.460587697870909,1116.160519512741
2,20,1.0,0.0010761190601082944,7.875247908779372e-05,383.973766743207,2.4605877017065083,1116.1604836908837
1,2,2.0,36.307262760754384,5.014478266694051,163.20701497443775,2.1546134765087186,642.9015336932575
1,3,2.0,19.490678822538268,2.6919017829230985,215.4379251406218,2.84415137996221,772.8388195865414
1,4,2.0,119.67005855287697,16.52790274336114,514.8654720414924,6.7971103130792,2498.2786963225662
1,5,2.0,75.8571412085379,10.476801527845375,456.9953216381638,6.033124733377694,1958.8402495035277
1,6,2.0,42.910112109139895,5.926412740353232,403.91108237412124,5.332321417255324,1720.4662954998564
1,7,2.0,36.26298095746867,5.008362406579522,293.5582660568355,3.875474324958738,1203.4332568683465
1,8,2.0,43.7971599746538,6.048924929510739,436.34295884132683,5.760478001797059,1665.740314337029
1,9,2.0,12.148300026208167,1.6778292227677123,204.03651921866953,2.693633200002652,824.5201991787146
1,10,2.0,21.03761562499895,2.9055527272810724,254.92767051115632,3.3654839806018204,951.3838007040639
1,11,2.0,7.793479143914872,1.0763750505405074,203.62315444697387,2.688176073616578,803.3660212273517
1,12,2.0,9.60305840128715,1.326300139020659,215.53243322864293,2.8453990493722614,682.2752983438928
1,13,2.0,7.839670465134299,1.0827546385003872,206.28625003079193,2.7233335185035146,672.3095374547314
1,14,2.0,6.876530512933799,0.9497331989630983,206.41524893136432,2.7250365259978406,664.0570384798524
1,15,2.0,6.402195976008763,0.8842217820814043,202.84217562382028,2.6778658090884373,613.2814989876522
1,16,2.0,5.124317296471648,0.7077310642810792,199.73181598993364,2.636803709000334,615.7893747396656
1,17,2.0,5.186663682014791,0.7163418647529605,199.31795994973652,2.631340097024569,611.7274927061386
1,18,2.0,3.4542176682249823,0.4770698231888656,196.6019922700675,2.595484649479661,607.5053049394287
1,19,2.0,3.4720222595848735,0.47952885561468783,196.57154626250482,2.595082709782334,608.7906565456303
1,20,2.0,2.287332948381186,0.3159087324740084,195.41155341318006,2.579768807826586,605.8661259079988
