K,N,h,l2phi,relL2phi,l1phi,relL1phi,l2u,relL2u,l1u,relL1u
20,2,0.1,0.4167781255261073,0.001344445566595002,11.369657445559886,7.426814634414499e-05,251.30078716112567,0.1279345861241347,8078.549953258131,0.005884719751970785
20,3,0.1,0.02204868913492729,7.112480368125152e-05,0.7129334007930134,4.656977784709073e-06,251.32734917387185,0.1290202504037307,8078.893880747024,0.0059115921356062626
20,4,0.1,0.0008722215748242824,2.8136179841030577e-06,0.02350146130490156,1.5351473655658048e-07,251.32741219162065,0.12903225801545393,8078.879691118641,0.005911836563804968
20,5,0.1,2.7540065358544295e-05,8.883892053665884e-08,0.0008814081069271605,5.757477442712753e-09,251.32741226241424,0.12903225805179955,8078.878778363594,0.005911794049887386
20,6,0.1,8.092539612849695e-07,2.6104966500475982e-09,2.3581718343325097e-05,1.5403898642983542e-10,251.32741220433843,0.12903225675561503,8078.878763027181,0.005911793949146807
20,7,0.1,4.029887674632218e-07,1.2999637663795148e-09,1.2761284867043618e-05,8.335844563329736e-11,251.32741220455608,0.12903225802209498,8078.878762810278,0.0059117939814044675
20,8,0.1,4.0096204646820145e-07,1.2934259567163026e-09,1.2677673064081248e-05,8.28122819825242e-11,251.32741220273223,0.1290322580211586,8078.878762774342,0.005911793981580192
20,9,0.1,4.0085039941688713e-07,1.293065804937767e-09,1.2670345177683432e-05,8.276441523350453e-11,251.32741220298607,0.12903225802128893,8078.878762781571,0.00591179398156569
20,10,0.1,4.0085039941629643e-07,1.2930658049358614e-09,1.2670344452115577e-05,8.276441049399678e-11,251.32741220298607,0.12903225802128895,8078.878762781569,0.005911793981565726
20,11,0.1,5.668278487535942e-07,1.8284769319823994e-09,1.4763269601318572e-05,9.643568177130791e-11,251.3274124105296,0.12903225775563518,8078.878770141794,0.005911793976692386
20,12,0.1,4.0085039941629643e-07,1.2930658049358614e-09,1.2670344451639573e-05,8.276441049088746e-11,251.32741220298607,0.12903225802128895,8078.878762781569,0.005911793981565726
20,13,0.1,4.0085039941629643e-07,1.2930658049358614e-09,1.2670344454211772e-05,8.276441050768941e-11,251.32741220298607,0.12903225802128893,8078.878762781569,0.005911793981565725
20,14,0.1,4.0085039941629643e-07,1.2930658049358614e-09,1.267034445441074e-05,8.276441050898909e-11,251.32741220298607,0.12903225802128895,8078.878762781569,0.005911793981565725
20,15,0.1,4.0075882844835506e-07,1.2927704147166118e-09,1.2667343623669323e-05,8.274480867509703e-11,251.32741220298607,0.12903225802128898,8078.878762781569,0.005911793981565725
20,16,0.1,4.008471223691184e-07,1.2930552338159295e-09,1.2670228805419465e-05,8.276365507407386e-11,251.32741220276898,0.1290322580211775,8078.8787627732045,0.005911793981570401
20,17,0.1,4.0085233320867174e-07,1.2930720429757837e-09,1.2670330377990763e-05,8.276431855990234e-11,251.32741220298618,0.129032258021289,8078.87876278174,0.005911793981565469
20,18,0.1,4.008504141618297e-07,1.2930658525020978e-09,1.2670277214460704e-05,8.276397128850481e-11,251.32741220298612,0.12903225802128898,8078.878762781628,0.0059117939815656285
20,19,0.1,4.0085039941629643e-07,1.2930658049358614e-09,1.2670344455874574e-05,8.276441051855105e-11,251.32741220298607,0.12903225802128893,8078.878762781569,0.005911793981565725
20,20,0.1,4.008505459495941e-07,1.2930662776239187e-09,1.267035543368538e-05,8.276448222710194e-11,251.32741220299013,0.12903225802129104,8078.878762782943,0.005911793981566039
19,2,0.10526315789473684,0.4387745707911409,0.0014898966755816647,11.248413036922917,8.005925251369523e-05,238.7300579953431,0.12781809429968413,7289.606003587626,0.005854057404562462
19,3,0.10526315789473684,0.02442470014106832,8.293616349881562e-05,0.7496490359412641,5.3355385571339e-06,238.76096028350776,0.12901752986153972,7291.140442942453,0.005882643052118635
19,4,0.10526315789473684,0.001017033930679576,3.4534259119463263e-06,0.025624304500583735,1.823779636972899e-07,238.76104151381378,0.129032257978583,7291.067134880585,0.005883026105453033
19,5,0.10526315789473684,3.388567066678636e-05,1.1506170010096555e-07,0.001034697827995237,7.3643396997362896e-09,238.7610416528138,0.12903225805370197,7291.067195872717,0.005882975204550682
19,6,0.10526315789473684,1.0329031463256197e-06,3.507311194296436e-09,2.8117967011712288e-05,2.0012631237608178e-10,238.76104163913558,0.12903225628336598,7291.067001559069,0.0058829746781258315
19,7,0.10526315789473684,4.534496469588046e-07,1.539727154947611e-09,1.3477834016474685e-05,9.59268932711412e-11,238.7610416479315,0.12903225803823845,7291.067001384596,0.005882974719293685
19,8,0.10526315789473684,4.5176459679758683e-07,1.5340054226492693e-09,1.3431278258176861e-05,9.559553815488637e-11,238.76104164503226,0.1290322580494966,7291.067001253938,0.005882974719551157
19,9,0.10526315789473684,4.518020333576853e-07,1.5341325416988883e-09,1.343416377270475e-05,9.561607546405718e-11,238.7610416448779,0.1290322580494132,7291.067001256035,0.005882974719522277
19,10,0.10526315789473684,4.5180651906404505e-07,1.5341477732994364e-09,1.3434255394022862e-05,9.561672756797781e-11,238.7610416448728,0.12903225804941032,7291.067001252323,0.005882974719520232
19,11,0.10526315789473684,5.926456622406115e-07,2.0123791594807e-09,1.5191774101044318e-05,1.081256595836415e-10,238.76104183941544,0.12903225775289917,7291.067007340478,0.005882974715050089
19,12,0.10526315789473684,4.5181350141698825e-07,1.534171482477521e-09,1.3434596169612179e-05,9.561915299802435e-11,238.7610416448728,0.1290322580494102,7291.067001252323,0.0058829747195202325
19,13,0.10526315789473684,4.5180526603141555e-07,1.5341435185197082e-09,1.3434383018786742e-05,9.561763592217542e-11,238.76104164491187,0.12903225804943158,7291.067001253407,0.005882974719520156
19,14,0.10526315789473684,4.518151474737839e-07,1.5341770718045031e-09,1.3434692711887362e-05,9.561984012627628e-11,238.7610416449406,0.12903225804944612,7291.067001255803,0.005882974719521141
19,15,0.10526315789473684,4.5180223933194404e-07,1.5341332411021438e-09,1.343395545150466e-05,9.561459276249676e-11,238.76104164479585,0.12903225804936716,7291.067001249478,0.005882974719518886
19,16,0.10526315789473684,4.5180706784625476e-07,1.534149636736482e-09,1.3434426052133994e-05,9.561794220694669e-11,238.76104164482274,0.12903225804938262,7291.067001249791,0.00588297471952398
19,17,0.10526315789473684,4.5181589595671833e-07,1.5341796133424819e-09,1.3434804645876918e-05,9.56206368032391e-11,238.76104164494186,0.1290322580494478,7291.06700125415,0.005882974719519712
19,18,0.10526315789473684,4.5181632692062957e-07,1.5341810767173931e-09,1.343477449672677e-05,9.562042222022044e-11,238.7610416449178,0.12903225804943474,7291.0670012534065,0.005882974719520156
19,19,0.10526315789473684,4.518151474737839e-07,1.5341770718045031e-09,1.3434692712177054e-05,9.561984012833813e-11,238.7610416448781,0.12903225804941282,7291.067001252324,0.005882974719520233
19,20,0.10526315789473684,4.518084554635258e-07,1.5341543485099e-09,1.3434360878012478e-05,9.561747833782713e-11,238.76104164488396,0.12903225804941554,7291.067001252394,0.0058829747195201
18,2,0.1111111111111111,0.4632228678283996,0.0016602970172303444,11.236919410729849,8.940635697920614e-05,226.15832797887538,0.12768217008240262,6544.045873126308,0.005835664242764598
18,3,0.1111111111111111,0.02720606239129142,9.7512768423119e-05,0.7907495851763979,6.291585541312367e-06,226.1945645845713,0.12901399443390238,6543.320035089613,0.005867754274187853
18,4,0.1111111111111111,0.0011957133810032508,4.285711042826878e-06,0.02860943487480822,2.2763047895030844e-07,226.19467084757574,0.12903225794421475,6543.618960963751,0.005868338414981417
18,5,0.1111111111111111,4.194757174938958e-05,1.503497195250029e-07,0.0012135692488543257,9.655742959093596e-09,226.19467102055933,0.12903225804289284,6543.617111533345,0.005868273538885549
18,6,0.1111111111111111,1.3161595212829656e-06,4.717417638791823e-09,3.339881332091166e-05,2.657370865897618e-10,226.19467101767077,0.12903225562149082,6543.617386228306,0.0058682729510474195
18,7,0.1111111111111111,4.1763905464742146e-07,1.4969141742952244e-09,1.1496218767975741e-05,9.146946787740019e-11,226.19467102995142,0.12903225802559287,6543.617385633282,0.00586827300914293
18,8,0.1111111111111111,4.2101310941492326e-07,1.5090075605581199e-09,1.1530848074463975e-05,9.174499536181669e-11,226.19467103061262,0.12903225804862778,6543.617385948739,0.005868273010028652
18,9,0.1111111111111111,4.21070583478953e-07,1.5092135607876076e-09,1.1532087462845359e-05,9.175485653426187e-11,226.19467103087135,0.12903225804877536,6543.617385968173,0.005868273009985471
18,10,0.1111111111111111,4.2108400228968455e-07,1.5092616568834175e-09,1.1532334100444517e-05,9.175681890209854e-11,226.19467103089028,0.12903225804878615,6543.617385968663,0.005868273009977491
18,11,0.1111111111111111,5.564303029736715e-07,1.9943738456927796e-09,1.3106543963665354e-05,1.0428199273727939e-10,226.19467121652582,0.12903225775855243,6543.617391652456,0.005868273005434387
18,12,0.1111111111111111,4.2108400228968455e-07,1.5092616568834175e-09,1.1532334097113914e-05,9.175681887559866e-11,226.19467103089028,0.12903225804878612,6543.617385968663,0.005868273009977491
18,13,0.1111111111111111,4.210830044513345e-07,1.5092580804018763e-09,1.1532250065768523e-05,9.175615028163719e-11,226.19467103089028,0.12903225804878612,6543.617385968663,0.005868273009977491
18,14,0.1111111111111111,4.2108400228968455e-07,1.5092616568834175e-09,1.1532334098764104e-05,9.175681888872836e-11,226.19467103089028,0.12903225804878615,6543.617385968663,0.005868273009977491
18,15,0.1111111111111111,4.210830186841228e-07,1.5092581314154545e-09,1.1532252515071831e-05,9.175616976947704e-11,226.19467103089028,0.12903225804878612,6543.617385968663,0.005868273009977491
18,16,0.1111111111111111,4.2108478898772704e-07,1.5092644765896629e-09,1.1532466176839892e-05,9.175786976567794e-11,226.19467103083716,0.12903225804875582,6543.617385965643,0.005868273009983624
18,17,0.1111111111111111,4.210677862519317e-07,1.509203534884306e-09,1.1531896210158122e-05,9.175333483552903e-11,226.19467103096056,0.12903225804882618,6543.617385970537,0.005868273009974962
18,18,0.1111111111111111,4.210841885891e-07,1.5092623246232578e-09,1.1532337290684566e-05,9.17568442851889e-11,226.19467103089028,0.12903225804878615,6543.617385968663,0.005868273009977491
18,19,0.1111111111111111,4.2108400228968455e-07,1.5092616568834175e-09,1.153233409914756e-05,9.175681889177932e-11,226.19467103089028,0.12903225804878612,6543.617385968663,0.005868273009977491
18,20,0.1111111111111111,4.2106911103547644e-07,1.5092082832124231e-09,1.1531973075399754e-05,9.175394641250858e-11,226.19467103120667,0.12903225804896662,6543.61738597726,0.005868273009980991
17,2,0.11764705882352941,0.49055661213354806,0.0018616949293180892,11.265403092206975,0.00010017375344703072,213.58529392962063,0.12752227946608014,5835.324707185085,0.005846189973299876
17,3,0.11764705882352941,0.03049039607787957,0.00011571307850527003,0.8370839333322921,7.443483279360593e-06,213.62815904819388,0.12900933332189266,5836.957431726676,0.005882434392327354
17,4,0.11764705882352941,0.001418748734340389,5.384245690238302e-06,0.03208100425020872,2.8526938484044695e-07,213.628300144175,0.12903225788335673,5836.866423041691,0.00588304132922903
17,5,0.11764705882352941,5.268841049382242e-05,1.999560177643176e-07,0.0014399955601984138,1.280466921879803e-08,213.62830042025797,0.12903225805011184,5836.868011496151,0.005882961634212734
17,6,0.11764705882352941,1.6996380141026583e-06,6.45023916560678e-09,3.9671401317546544e-05,3.5276440105647165e-10,213.62830042601263,0.12903225463487644,5836.867737926825,0.005882960601145285
17,7,0.11764705882352941,4.144313263646365e-07,1.5727944130402836e-09,1.0858319246448701e-05,9.655389923822145e-11,213.6283004222403,0.12903225801667276,5836.867737535098,0.005882960682425463
17,8,0.11764705882352941,4.141102035331973e-07,1.5715757305637015e-09,1.0858674037318398e-05,9.655705409498205e-11,213.62830042466,0.1290322580495792,5836.867737501802,0.005882960683202296
17,9,0.11764705882352941,4.141662161126772e-07,1.571788302023583e-09,1.0860735313946731e-05,9.657538329412945e-11,213.62830042640124,0.1290322580465359,5836.867737553046,0.005882960683148926
17,10,0.11764705882352941,4.1415269500088443e-07,1.5717369885061608e-09,1.0859986349176886e-05,9.656872338044673e-11,213.62830042637032,0.1290322580464052,5836.867737553254,0.005882960683144674
17,11,0.11764705882352941,5.418360611199844e-07,2.0563038445685977e-09,1.2296253425785916e-05,1.0934023833101689e-10,213.62830059799035,0.12903225775611363,5836.867742441102,0.005882960678701513
17,12,0.11764705882352941,4.141510282195549e-07,1.571730662960296e-09,1.0859883718787368e-05,9.656781077472357e-11,213.62830042637034,0.12903225804640506,5836.867737553277,0.005882960683144579
17,13,0.11764705882352941,4.141510282195549e-07,1.571730662960296e-09,1.0859883720216888e-05,9.656781078743509e-11,213.62830042637032,0.1290322580464052,5836.867737553254,0.005882960683144674
17,14,0.11764705882352941,4.141512637339211e-07,1.57173155675296e-09,1.0859902922500884e-05,9.656798153719406e-11,213.6283004263811,0.12903225804637472,5836.867737553691,0.00588296068314381
17,15,0.11764705882352941,4.141341001283324e-07,1.5716664197296217e-09,1.0859647946129036e-05,9.65657142468007e-11,213.62830042638103,0.1290322580463748,5836.867737553622,0.005882960683143882
17,16,0.11764705882352941,4.14144002101602e-07,1.5717039983759397e-09,1.0859729985831564e-05,9.656644375686497e-11,213.62830042625848,0.1290322580465956,5836.867737550877,0.005882960683147021
17,17,0.11764705882352941,4.1415388090523775e-07,1.571741489091958e-09,1.086000483501157e-05,9.656888775942464e-11,213.62830042641698,0.12903225804631235,5836.8677375548805,0.0058829606831428734
17,18,0.11764705882352941,4.141521094575221e-07,1.5717347663302048e-09,1.085994237942531e-05,9.656833239443252e-11,213.6283004263861,0.12903225804636653,5836.867737554303,0.005882960683143357
17,19,0.11764705882352941,4.141510258338723e-07,1.5717306539064718e-09,1.0859883217616889e-05,9.656780631823607e-11,213.6283004263811,0.12903225804637466,5836.867737553691,0.00588296068314381
17,20,0.11764705882352941,4.141517476524294e-07,1.5717333932558442e-09,1.0859903926702556e-05,9.65679904667148e-11,213.6283004264269,0.12903225804639126,5836.867737553277,0.005882960683144578
16,2,0.125,0.5213176550249787,0.002102087318735579,11.479291486673313,0.00011834421756541348,201.010536350666,0.1273325004582388,5167.305852341206,0.005856860345058214
16,3,0.125,0.03440672521771494,0.0001387367952384286,0.8935946096122326,9.212393902358997e-06,201.0617388393799,0.12900308855244097,5170.487644105942,0.005900010792119258
16,4,0.125,0.001700932238704648,6.858597736994425e-06,0.03724385970487079,3.839605816270009e-07,201.06192938198694,0.12903225777716454,5170.467172449414,0.005900654713211586
16,5,0.125,6.704052226408655e-05,2.703246865598561e-07,0.001723805826121247,1.777134520574317e-08,201.0619297788613,0.1290322580318602,5170.469258916044,0.0059005541474054886
16,6,0.125,2.223596150625302e-06,8.966113510954726e-09,4.930661140674019e-05,5.083199041079129e-10,201.06192980866058,0.12903225317261718,5170.469264219507,0.00590055378708734
16,7,0.125,3.492941761332709e-07,1.4084442586598364e-09,8.804100819437835e-06,9.076469780848224e-11,201.06192980708707,0.12903225800442195,5170.469266335911,0.005900553911139769
16,8,0.125,3.4638513026470604e-07,1.396714234995786e-09,8.616586824816916e-06,8.883154740440546e-11,201.06192981286503,0.12903225805368218,5170.469266349179,0.005900553912548884
16,9,0.125,3.4702266890430787e-07,1.3992849553168668e-09,8.628634249151122e-06,8.895574871144302e-11,201.06192981556177,0.12903225804327972,5170.469266423711,0.0059005539122844106
16,10,0.125,3.4702365429740514e-07,1.3992889286761301e-09,8.628654623247158e-06,8.895595875545635e-11,201.0619298155617,0.12903225804328,5170.469266423601,0.005900553912285274
16,11,0.125,4.522798933296455e-07,1.8237092473719776e-09,9.741987420850722e-06,1.0043371406598812e-10,201.0619299792703,0.12903225775214822,5170.469271045221,0.005900553907246803
16,12,0.125,3.470236542974037e-07,1.3992889286761243e-09,8.628654594009762e-06,8.895595845403735e-11,201.0619298155617,0.12903225804327997,5170.469266423601,0.005900553912285275
16,13,0.125,3.470236542974037e-07,1.3992889286761243e-09,8.628654596373879e-06,8.895595847840989e-11,201.0619298155617,0.12903225804328003,5170.469266423601,0.005900553912285275
16,14,0.125,3.470236542974037e-07,1.3992889286761243e-09,8.628654596722375e-06,8.895595848200267e-11,201.06192981556174,0.12903225804327992,5170.469266423619,0.005900553912285189
16,15,0.125,3.47023654297404e-07,1.3992889286761256e-09,8.628654606348019e-06,8.895595858123694e-11,201.06192981556174,0.12903225804327992,5170.469266423619,0.005900553912285189
16,16,0.125,3.470268837030508e-07,1.3993019504730891e-09,8.628719659385611e-06,8.895662923681208e-11,201.06192981549898,0.12903225804430862,5170.469266422012,0.0059005539123054935
16,17,0.125,3.4702244351974573e-07,1.3992840465081484e-09,8.628628199578536e-06,8.895568634418498e-11,201.06192981556177,0.12903225804327975,5170.469266423692,0.005900553912285055
16,18,0.125,3.470229839084002e-07,1.3992862254946584e-09,8.628641797050549e-06,8.895582652550089e-11,201.06192981556174,0.12903225804327992,5170.469266423619,0.005900553912285186
16,19,0.125,3.4702365429740376e-07,1.3992889286761245e-09,8.628654598246952e-06,8.895595849772008e-11,201.06192981556174,0.12903225804327992,5170.469266423619,0.005900553912285189
16,20,0.125,3.4702346975321317e-07,1.3992881845463238e-09,8.628636245595225e-06,8.895576929351603e-11,201.06192981556228,0.12903225804327864,5170.469266424007,0.005900553912284662
15,2,0.13333333333333333,0.5561917309342198,0.002392222497526994,11.288568755471063,0.00012896506841625227,188.43346379248922,0.12710498839153922,4542.172722384978,0.005837016364084839
15,3,0.13333333333333333,0.03912744784002798,0.00016829009815825375,0.9474748731994951,1.0824327201411803e-05,188.495296264994,0.1289945697436811,4544.375019366959,0.0058834484283541
15,4,0.13333333333333333,0.0020630161424014574,8.87318770511854e-06,0.04132710824348377,4.7213720866816307e-07,188.4955585284815,0.12903225759430326,4544.236216682928,0.005884438454881651
15,5,0.13333333333333333,8.687952427696199e-05,3.736753730601067e-07,0.0020932706265806267,2.39143504742233e-08,188.4955591915227,0.12903225804817975,4544.240116356335,0.005884310538928743
15,6,0.13333333333333333,3.060919748563233e-06,1.3165246224244293e-08,6.170793119329002e-05,7.049757804160131e-10,188.49555918376913,0.1290322509485442,4544.239574447935,0.005884308365916442
15,7,0.13333333333333333,3.7644138337883436e-07,1.6191027234555138e-09,8.912335289808677e-06,1.0181803869881225e-10,188.49555918778353,0.12903225797457585,4544.239575586621,0.005884308534908201
15,8,0.13333333333333333,3.546879858638446e-07,1.5255397234346434e-09,8.366208181107469e-06,9.557886689029697e-11,188.4955591882631,0.1290322580459484,4544.239575430018,0.0058843085369194624
15,9,0.13333333333333333,3.5474607510621933e-07,1.5257895696382893e-09,8.365211624127985e-06,9.556748182972607e-11,188.49555918744682,0.12903225804538965,4544.239575411979,0.0058843085367999825
15,10,0.13333333333333333,3.54706177105803e-07,1.5256179653355035e-09,8.363873532972662e-06,9.555219494782533e-11,188.49555918738767,0.12903225804534915,4544.239575411446,0.005884308536784295
15,11,0.13333333333333333,4.5629675752256683e-07,1.962566698107207e-09,9.388964065150263e-06,1.072632340953758e-10,188.49555933564707,0.129032257771738,4544.239579127648,0.005884308532471736
15,12,0.13333333333333333,3.5470617666883704e-07,1.5256179634560799e-09,8.363873464813757e-06,9.555219416915108e-11,188.49555918738767,0.12903225804534912,4544.239575411446,0.005884308536784295
15,13,0.13333333333333333,3.547076495114324e-07,1.5256242982629386e-09,8.363977951789002e-06,9.555338786962833e-11,188.49555918738767,0.12903225804534915,4544.239575411446,0.005884308536784295
15,14,0.13333333333333333,3.5470617666883704e-07,1.5256179634560799e-09,8.363873465451236e-06,9.555219417643389e-11,188.4955591874016,0.12903225804535867,4544.239575412078,0.005884308536783589
15,15,0.13333333333333333,3.5470469455173296e-07,1.5256115887588611e-09,8.363822560076816e-06,9.555161261332902e-11,188.4955591874016,0.1290322580453587,4544.239575412078,0.005884308536783589
15,16,0.13333333333333333,3.5470153187215966e-07,1.5255979858359715e-09,8.363648034835237e-06,9.554961876803223e-11,188.49555918734828,0.12903225804532215,4544.239575410279,0.005884308536787371
15,17,0.13333333333333333,3.5470553727738904e-07,1.525615213385337e-09,8.363891588326595e-06,9.555240121932047e-11,188.49555918741407,0.1290322580453672,4544.239575412636,0.005884308536781417
15,18,0.13333333333333333,3.5470614119290975e-07,1.5256178108714465e-09,8.363875423234606e-06,9.555221654292442e-11,188.4955591873952,0.1290322580453542,4544.239575411936,0.0058843085367835425
15,19,0.13333333333333333,3.547047213105367e-07,1.52561170385049e-09,8.363822616173162e-06,9.555161325419584e-11,188.4955591874016,0.12903225804535867,4544.239575412078,0.005884308536783589
15,20,0.13333333333333333,3.54710632466591e-07,1.5256371281775935e-09,8.363960209973663e-06,9.555318518012193e-11,188.49555918740305,0.1290322580453596,4544.2395754121035,0.005884308536783622
14,2,0.14285714285714285,0.5960590314667463,0.0027468158134658013,11.27343913627449,0.00014866734030453494,175.85322552570926,0.1268291896607213,3955.1842251280505,0.0057986449332264175
14,3,0.14285714285714285,0.04488890164283123,0.00020686129791243455,1.013914733304438,1.3370898168149075e-05,175.9288186625729,0.12898270944593318,3957.9443526963405,0.005850042017279323
14,4,0.14285714285714285,0.0025355457287095516,1.1684542529700129e-05,0.0475927217313356,6.276242122853848e-07,175.9291875156163,0.12903225726843914,3958.3589241502373,0.005851586528815867
14,5,0.14285714285714285,0.00011435770336954469,5.269940247933668e-07,0.002571013882990729,3.3904985980753685e-08,175.92918858417428,0.12903225805215474,3958.3600482170473,0.005851421506951177
14,6,0.14285714285714285,4.2968349343508825e-06,1.980108264861641e-08,8.07256230910065e-05,1.0645610034607698e-09,175.92918858621724,0.12903224741216635,3958.360705564811,0.005851418996069738
14,7,0.14285714285714285,3.717034928473568e-07,1.7129193220362318e-09,8.101126858332222e-06,1.068327924548401e-10,175.9291885778425,0.12903225792557074,3958.360702149835,0.005851419238476446
14,8,0.14285714285714285,3.401800484497831e-07,1.5676499930016693e-09,7.424019314947483e-06,9.790350509556025e-11,175.92918858434902,0.12903225805228294,3958.3607029203367,0.005851419242239196
14,9,0.14285714285714285,3.407757800799317e-07,1.5703953000533002e-09,7.435860920906857e-06,9.805966507847529e-11,175.9291885845946,0.12903225805246307,3958.3607029720715,0.005851419242117325
14,10,0.14285714285714285,3.408344401061014e-07,1.5706656227545681e-09,7.437016612198363e-06,9.807490564068921e-11,175.92918858475807,0.12903225805258292,3958.3607029868845,0.0058514192421103145
14,11,0.14285714285714285,4.2295737332269067e-07,1.9491123196403416e-09,8.252363368468183e-06,1.0882720866155972e-10,175.92918872075276,0.12903225777886676,3958.3607060691197,0.00585141923790192
14,12,0.14285714285714285,3.40834440106088e-07,1.5706656227545063e-09,7.437016552940659e-06,9.807490485923423e-11,175.92918858475807,0.12903225805258295,3958.3607029868845,0.0058514192421103145
14,13,0.14285714285714285,3.4083444010608805e-07,1.5706656227545065e-09,7.437016553501747e-06,9.807490486663353e-11,175.92918858475807,0.12903225805258295,3958.3607029868845,0.0058514192421103145
14,14,0.14285714285714285,3.4083444010608805e-07,1.5706656227545065e-09,7.437016554504356e-06,9.807490487985532e-11,175.92918858475807,0.12903225805258292,3958.3607029868845,0.0058514192421103145
14,15,0.14285714285714285,3.4083444010608826e-07,1.5706656227545076e-09,7.437016558483299e-06,9.807490493232723e-11,175.92918858475693,0.1290322580525821,3958.3607029867367,0.005851419242110788
14,16,0.14285714285714285,3.4083967490474597e-07,1.5706897462506283e-09,7.437213708282083e-06,9.807750482539203e-11,175.92918858469383,0.12903225805253585,3958.360702986737,0.005851419242110789
14,17,0.14285714285714285,3.4083444618690316e-07,1.570665650776696e-09,7.4370175600694096e-06,9.807491814064293e-11,175.9291885847581,0.12903225805258298,3958.3607029868845,0.0058514192421103145
14,18,0.14285714285714285,3.4083444232305565e-07,1.5706656329709473e-09,7.437017364802071e-06,9.807491556557463e-11,175.9291885847581,0.12903225805258295,3958.3607029868845,0.0058514192421103145
14,19,0.14285714285714285,3.4083444010608805e-07,1.5706656227545065e-09,7.4370165549666304e-06,9.807490488595153e-11,175.92918858475807,0.12903225805258295,3958.3607029868845,0.0058514192421103145
14,20,0.14285714285714285,3.4083378787581363e-07,1.570662617085039e-09,7.436998420954189e-06,9.807466574549349e-11,175.92918858492328,0.1290322580527041,3958.360702990172,0.005851419242108946
13,2,0.15384615384615385,0.6420674472723711,0.0031864389474954035,11.321052552021708,0.00017225884723612544,163.26856967706723,0.12649066399855483,3410.2467680609225,0.005815712713636939
13,3,0.15384615384615385,0.05202020695536286,0.0002581647990464511,1.091065371387248,1.6601430147134084e-05,163.36228449606674,0.12896580916521896,3413.347457656679,0.005875980091451179
13,4,0.15384615384615385,0.003163964768596546,1.5702058420791625e-05,0.05523304576980628,8.404148598310245e-07,163.36281616685508,0.1290322566271344,3413.2051479589027,0.005877711004227432
13,5,0.15384615384615385,0.0001536994219861558,7.627762885422533e-07,0.0032057018667904025,4.8777311616435934e-08,163.36281796551356,0.1290322580478063,3413.2056443227584,0.005877490420473538
13,6,0.15384615384615385,6.2067015432589545e-06,3.080248907951636e-08,0.00010887185152655272,1.6565720858770744e-09,163.36281797230976,0.12903224168720817,3413.204789603066,0.005877485389957446
13,7,0.15384615384615385,3.706848994013823e-07,1.839627294171042e-09,7.521200892936335e-06,1.1444107247935741e-10,163.3628179773114,0.12903225780594707,3413.204782849332,0.005877485765879296
13,8,0.15384615384615385,3.1162434889795734e-07,1.5465228248756233e-09,6.334469306956683e-06,9.638400454859795e-11,163.36281797264064,0.12903225805343566,3413.2047822625022,0.0058774857714296545
13,9,0.15384615384615385,3.111783581282958e-07,1.5443094711777988e-09,6.326435921619999e-06,9.626177018115357e-11,163.36281797518402,0.1290322580476378,3413.2047822806358,0.005877485771126538
13,10,0.15384615384615385,3.111579139200187e-07,1.5442080110869912e-09,6.326008974722455e-06,9.625527384346201e-11,163.3628179750637,0.129032258048019,3413.204782282679,0.005877485771140417
13,11,0.15384615384615385,3.992815834141583e-07,1.9815463216729515e-09,7.139976206583061e-06,1.0864043471114554e-10,163.36281809801653,0.12903225777391755,3413.2047849025976,0.005877485766982482
13,12,0.15384615384615385,3.1115791517383847e-07,1.544208017309422e-09,6.3260090007638405e-06,9.625527423970246e-11,163.36281797507425,0.12903225804790716,3413.2047822826826,0.005877485771140403
13,13,0.15384615384615385,3.1115832867000387e-07,1.544210069399575e-09,6.326026822512751e-06,9.625554541183147e-11,163.36281797507425,0.12903225804790716,3413.204782282679,0.005877485771140417
13,14,0.15384615384615385,3.1115791517383847e-07,1.544208017309422e-09,6.326009001391571e-06,9.625527424925388e-11,163.362817975069,0.12903225804796292,3413.204782282679,0.005877485771140417
13,15,0.15384615384615385,3.1114616713022866e-07,1.5441497143634088e-09,6.325862260889913e-06,9.625304147544224e-11,163.36281797506922,0.12903225804796267,3413.204782282679,0.005877485771140416
13,16,0.15384615384615385,3.111447007525893e-07,1.5441424370550175e-09,6.325716509888284e-06,9.625082375766302e-11,163.36281797506135,0.1290322580479968,3413.204782282679,0.005877485771140417
13,17,0.15384615384615385,3.1115428053769614e-07,1.5441899794129157e-09,6.325890936782223e-06,9.62534778020232e-11,163.36281797507272,0.129032258047942,3413.2047822829713,0.005877485771138896
13,18,0.15384615384615385,3.111549264899116e-07,1.5441931851311098e-09,6.32594250002792e-06,9.625426237794692e-11,163.36281797506902,0.12903225804796292,3413.204782282682,0.005877485771140403
13,19,0.15384615384615385,3.1115791517383847e-07,1.544208017309422e-09,6.32600900181571e-06,9.62552742557075e-11,163.3628179750745,0.12903225804790686,3413.204782282679,0.005877485771140416
13,20,0.15384615384615385,3.1115776563217635e-07,1.5442072751671775e-09,6.3259918524820665e-06,9.625501331491329e-11,163.36281797507502,0.12903225804790633,3413.204782282679,0.005877485771140417
12,2,0.16666666666666666,0.6957400277457543,0.003740537805935873,11.71558591917199,0.00021953144315558959,150.6776060621504,0.1260692857823161,2904.1983290903063,0.005915319823800156
12,3,0.16666666666666666,0.06099118704643725,0.0003279096097364035,1.1766382893557625,2.2048329764854898e-05,150.79565574621154,0.1289410764033179,2908.5410161271343,0.005994908038810761
12,4,0.16666666666666666,0.004018059096315837,2.160246838887679e-05,0.06812305345655163,1.276517652694499e-06,150.7964442137756,0.12903225536184745,2908.4013422557623,0.005996949660664223
12,5,0.16666666666666666,0.00021142690753217652,1.1367038107303153e-06,0.0039687346338148095,7.43677736370963e-08,150.7964473190971,0.1290322580189833,2908.396317288529,0.005996668144199405
12,6,0.16666666666666666,9.21889085776595e-06,4.9563929639062735e-08,0.00015668761855226662,2.936076715471924e-09,150.79644737053493,0.129032232040436,2908.3963200457556,0.005996667223664315
12,7,0.16666666666666666,4.7421992992687536e-07,2.549569530974226e-09,8.957129143335775e-06,1.678423512860437e-10,150.79644735694524,0.12903225758455925,2908.3963205444625,0.005996667867236984
12,8,0.16666666666666666,3.2980657390868125e-07,1.7731536337627861e-09,6.404367062167628e-06,1.200076507786945e-10,150.79644735938902,0.12903225805345997,2908.3963205449763,0.005996667879397459
12,9,0.16666666666666666,3.290233071104539e-07,1.7689425219191905e-09,6.376906505796972e-06,1.1949308363612929e-10,150.79644734450892,0.1290322580407275,2908.3963202678565,0.005996667878860049
12,10,0.16666666666666666,3.2951656306051206e-07,1.7715944356450306e-09,6.392575340631769e-06,1.1978669267519753e-10,150.79644734448655,0.12903225804070834,2908.3963202678565,0.005996667878874146
12,11,0.16666666666666666,4.0354103468843145e-07,2.1695754682813256e-09,7.018479733305407e-06,1.315151453150445e-10,150.79644745811385,0.12903225779320923,2908.3963227106524,0.005996667874084513
12,12,0.16666666666666666,3.295165630598031e-07,1.771594435641219e-09,6.3925747818808155e-06,1.197866822050935e-10,150.79644734448655,0.12903225804070834,2908.3963202678565,0.005996667878873931
12,13,0.16666666666666666,3.295165630598031e-07,1.771594435641219e-09,6.392574784447259e-06,1.197866822531846e-10,150.79644734448655,0.12903225804070834,2908.3963202678565,0.005996667878873931
12,14,0.16666666666666666,3.295165630598031e-07,1.771594435641219e-09,6.39257478480029e-06,1.1978668225979982e-10,150.79644734448655,0.12903225804070834,2908.3963202678565,0.005996667878873931
12,15,0.16666666666666666,3.295165630598034e-07,1.7715944356412208e-09,6.39257479398018e-06,1.1978668243181634e-10,150.79644734448655,0.1290322580407083,2908.3963202678565,0.005996667878873929
12,16,0.16666666666666666,3.295083085941074e-07,1.7715500567931275e-09,6.392335644193482e-06,1.1978220114524934e-10,150.79644734448638,0.12903225804070817,2908.396320267745,0.005996667878874588
12,17,0.16666666666666666,3.2951696513869477e-07,1.7715965973557033e-09,6.39259981346381e-06,1.19787151257139e-10,150.7964473444866,0.1290322580407084,2908.396320267912,0.005996667878873648
12,18,0.16666666666666666,3.2951673024564914e-07,1.771595334489859e-09,6.392584004842165e-06,1.1978685502871747e-10,150.79644734448655,0.12903225804070834,2908.3963202678565,0.005996667878873927
12,19,0.16666666666666666,3.2951656305980315e-07,1.7715944356412193e-09,6.3925747862622e-06,1.197866822871937e-10,150.79644734448655,0.12903225804070834,2908.3963202678565,0.00599666787887393
12,20,0.16666666666666666,3.2951656305980336e-07,1.7715944356412204e-09,6.392574792444518e-06,1.1978668240304051e-10,150.79644734448655,0.12903225804070828,2908.3963202678565,0.005996667878873929
11,2,0.18181818181818182,0.7591368521505579,0.004452415561369846,11.368420577115943,0.00024174669922373768,138.0773961721057,0.1255364446543285,2440.2662438996513,0.005794103814940488
11,3,0.18181818181818182,0.07249109390086743,0.0004251677067587973,1.2853271305974967,2.7332168891616636e-05,138.22886227340524,0.1289037445613388,2443.947075286623,0.00588024299335343
11,4,0.18181818181818182,0.005208816341143159,3.055024251282661e-05,0.07754364319364832,1.6489467169768791e-06,138.23007102285447,0.12903225271103258,2443.7322112772913,0.005883707933895721
11,5,0.18181818181818182,0.0002990689708651996,1.7540702128092585e-06,0.00526893514529252,1.1204262466876016e-07,138.2300767221939,0.1290322580311384,2443.741572929771,0.005883281996537776
11,6,0.18181818181818182,1.4305399143136279e-05,8.390263438808083e-08,0.0002141531989359601,4.553915701815683e-09,138.2300767488277,0.129032215191676,2443.7401024671217,0.005883268083056629
11,7,0.18181818181818182,6.548569717570274e-07,3.8408033587918335e-09,1.12121218576578e-05,2.384230449601048e-10,138.23007674571951,0.1290322571302377,2443.7401001345897,0.005883269112226061
11,8,0.18181818181818182,2.7029675187202883e-07,1.5853181950177056e-09,4.71716993410777e-06,1.0030947162031436e-10,138.23007674001707,0.12903225804777563,2443.7400990879178,0.00588326913544796
11,9,0.18181818181818182,2.688592127983509e-07,1.5768868807907794e-09,4.69299260205561e-06,9.979534653319266e-11,138.2300767457929,0.1290322580531649,2443.7400991608697,0.005883269134173645
11,10,0.18181818181818182,2.6896123179050447e-07,1.5774852326517555e-09,4.695570240135892e-06,9.985015938019059e-11,138.23007674601604,0.12903225805337545,2443.740099165165,0.005883269134157381
11,11,0.18181818181818182,3.3990804676356927e-07,1.9935955849826055e-09,5.253593664805463e-06,1.11716391816642e-10,138.23007684393906,0.1290322577989943,2443.740100974353,0.005883269130052464
11,12,0.18181818181818182,2.6899747832674963e-07,1.5776978223074501e-09,4.696118775646107e-06,9.986182385443326e-11,138.23007674601604,0.12903225805337543,2443.740099165165,0.005883269134157383
11,13,0.18181818181818182,2.6899693381738693e-07,1.5776946287041454e-09,4.6960887225841175e-06,9.986118478337776e-11,138.23007674601604,0.1290322580533754,2443.740099165165,0.005883269134157383
11,14,0.18181818181818182,2.6899746682666705e-07,1.5776977548582852e-09,4.696118552304793e-06,9.986181910513452e-11,138.23007674601604,0.1290322580533754,2443.740099165165,0.005883269134157383
11,15,0.18181818181818182,2.6897933964679563e-07,1.5775914370876295e-09,4.695843713833361e-06,9.985597473186932e-11,138.23007674601834,0.1290322580533776,2443.740099165165,0.005883269134157383
11,16,0.18181818181818182,2.6899847416985674e-07,1.5777036630294942e-09,4.696146177994835e-06,9.986240655871578e-11,138.23007674599157,0.1290322580533518,2443.7400991646814,0.005883269134159364
11,17,0.18181818181818182,2.68996254166361e-07,1.5776906424811137e-09,4.6960808154940025e-06,9.986101664102914e-11,138.23007674603838,0.12903225805339597,2443.7400991656336,0.005883269134155678
11,18,0.18181818181818182,2.6899736263372644e-07,1.5776971437559934e-09,4.696116541951959e-06,9.986177635547033e-11,138.23007674601604,0.12903225805337543,2443.740099165165,0.005883269134157383
11,19,0.18181818181818182,2.689974668266671e-07,1.5776977548582856e-09,4.696118552808184e-06,9.986181911583901e-11,138.23007674601604,0.12903225805337543,2443.740099165165,0.005883269134157383
11,20,0.18181818181818182,2.689600743004462e-07,1.5774784438537502e-09,4.695526828266788e-06,9.984923623735014e-11,138.23007674601743,0.12903225805337673,2443.740099165398,0.005883269134157661
10,2,0.2,0.8351018950573988,0.005387754167310818,11.351509324212264,0.0002953128252605098,125.46321563971782,0.12485062060021636,2019.9673390723458,0.005792396559847851
10,3,0.2,0.08756274653687177,0.0005649209459916097,1.4102594314147183,3.6688310351210624e-05,125.66176830436697,0.12884531590782192,2018.770551904375,0.005896865363837174
10,4,0.2,0.0069193212194297365,4.4640782107652154e-05,0.0943185916523755,2.4537256658940582e-06,125.66369505875922,0.12903224668254265,2019.450731866473,0.005902778343383745
10,5,0.2,0.0004369598063201087,2.8190955276022703e-06,0.006993189563802991,1.8192986577247835e-07,125.66370608806827,0.12903225800750429,2019.4473081795609,0.0059021604955206775
10,6,0.2,2.2977439476166396e-05,1.4824154516298722e-07,0.0003142178488752468,8.174468966933466e-09,125.6637061415685,0.12903218437515582,2019.4498881638963,0.005902140723845953
10,7,0.2,9.99994986359008e-07,6.4515805639207135e-09,1.5355005578884754e-05,3.994649477774199e-10,125.66370612234869,0.12903225610801197,2019.449887158972,0.0059021425294434405
10,8,0.2,2.849829355389608e-07,1.838599586050482e-09,4.568330707539711e-06,1.1884645551850574e-10,125.66370613803305,0.12903225805880844,2019.4498924824968,0.005902142587448554
10,9,0.2,2.796865222481975e-07,1.8044291776871418e-09,4.475831150876322e-06,1.1644005257829535e-10,125.66370614219751,0.12903225805425556,2019.449892530078,0.005902142584774111
10,10,0.2,2.8020877715619547e-07,1.807798564193888e-09,4.483301859062102e-06,1.166344052302668e-10,125.6637061407375,0.12903225805435248,2019.4498924968084,0.005902142584783214
10,11,0.2,3.4653551338641014e-07,2.2357129919343526e-09,4.970365889637542e-06,1.2930551801746318e-10,125.6637062240195,0.12903225781088656,2019.449893985851,0.005902142580855229
10,12,0.2,2.8020877713762507e-07,1.8077985640740789e-09,4.483300156734523e-06,1.1663436094371844e-10,125.66370614073762,0.12903225805435156,2019.4498924968084,0.005902142584783228
10,13,0.2,2.8020877713762507e-07,1.8077985640740789e-09,4.483300158813449e-06,1.166343609978023e-10,125.66370614073762,0.12903225805435153,2019.4498924968084,0.005902142584783228
10,14,0.2,2.8020877713762507e-07,1.8077985640740789e-09,4.483300157361158e-06,1.1663436096002054e-10,125.66370614073762,0.12903225805435153,2019.4498924968084,0.005902142584783228
10,15,0.2,2.802087771376253e-07,1.8077985640740803e-09,4.483300161586105e-06,1.1663436106993377e-10,125.66370614073762,0.1290322580543515,2019.4498924968084,0.005902142584783228
10,16,0.2,2.8022905592241155e-07,1.8079293949438064e-09,4.4835344345802494e-06,1.166404557501923e-10,125.66370614073745,0.12903225805435278,2019.4498924968084,0.005902142584783227
10,17,0.2,2.80215547911193e-07,1.8078422464842404e-09,4.483414103002253e-06,1.166373252891011e-10,125.66370614073783,0.12903225805434965,2019.449892496814,0.005902142584781865
10,18,0.2,2.802072856078751e-07,1.8077889413014883e-09,4.483287622493893e-06,1.1663403486179337e-10,125.66370614073765,0.1290322580543514,2019.4498924968084,0.005902142584783228
10,19,0.2,2.8020877713762507e-07,1.8077985640740789e-09,4.483300157855323e-06,1.1663436097287638e-10,125.66370614073762,0.12903225805435153,2019.4498924968084,0.005902142584783228
10,20,0.2,2.8021722004402393e-07,1.8078530344379997e-09,4.483428355487226e-06,1.1663769607165378e-10,125.66370614073762,0.12903225805435153,2019.4498924968084,0.005902142584783228
9,2,0.2222222222222222,0.9276440218419202,0.006649777922973953,11.439650605102967,0.0003637758600999819,112.82716540848023,0.12395034470856878,1630.2896182051218,0.0057427351478893576
9,3,0.2222222222222222,0.10784386538406539,0.0007730743025058166,1.5616326106175875,4.965923048682829e-05,113.094094561762,0.1287498510370977,1636.204932731274,0.00586642188237595
9,4,0.2222222222222222,0.009466295862837936,6.785875158883574e-05,0.11664934292141468,3.709397823077431e-06,113.09731258589576,0.12903223188856303,1635.8196019029265,0.005873802273851829
9,5,0.2222222222222222,0.0006643808067663275,4.762586420284415e-06,0.00954612819902703,3.035626800242202e-07,113.09733540233321,0.12903225791973724,1635.8449933834393,0.005872957391954612
9,6,0.2222222222222222,3.8823178014993484e-05,2.783023508858287e-07,0.0004816413812274731,1.5315984182035273e-08,113.09733552195989,0.12903212507503958,1635.8408730045185,0.005872912387031702
9,7,0.2222222222222222,1.948334674303805e-06,1.3966556781150605e-08,2.762284416252373e-05,8.78394300709448e-10,113.0973355126249,0.1290322536221173,1635.840878695891,0.005872915524150475
9,8,0.2222222222222222,2.3624210596747665e-07,1.6934917961527125e-09,3.3396153811541875e-06,1.0619830094640888e-10,113.0973355197485,0.1290322580536958,1635.8408748352674,0.0058729156315801235
9,9,0.2222222222222222,2.2362257167972644e-07,1.6030291849257578e-09,3.109715516492989e-06,9.888758631962732e-11,113.09733551791555,0.12903225805160465,1635.8408747415294,0.005872915625246597
9,10,0.2222222222222222,2.23252848205841e-07,1.6003788374472425e-09,3.107894744258186e-06,9.882968656301534e-11,113.09733551669297,0.12903225805020974,1635.840874712109,0.005872915625136819
9,11,0.2222222222222222,2.8142680737772837e-07,2.0173964652061015e-09,3.469642310998699e-06,1.1033310015253563e-10,113.09733558716844,0.12903225782837807,1635.8408757695606,0.005872915621704628
9,12,0.2222222222222222,2.2325049959888734e-07,1.6003620015551304e-09,3.107864008955908e-06,9.882870919391485e-11,113.0973355168884,0.12903225805043275,1635.8408747142184,0.0058729156251526755
9,13,0.2222222222222222,2.2325049959888723e-07,1.6003620015551296e-09,3.1078640080732944e-06,9.882870916584813e-11,113.0973355168884,0.12903225805043272,1635.8408747142184,0.0058729156251526755
9,14,0.2222222222222222,2.232504911974706e-07,1.6003619413299207e-09,3.1078631136251614e-06,9.882868072279073e-11,113.0973355168884,0.12903225805043275,1635.8408747142184,0.0058729156251526755
9,15,0.2222222222222222,2.232504893954956e-07,1.6003619284125374e-09,3.1078627078851624e-06,9.882866782043713e-11,113.09733551690154,0.1290322580504477,1635.8408747146868,0.005872915625150141
9,16,0.2222222222222222,2.2322932055710184e-07,1.600210180467322e-09,3.1076616973692837e-06,9.882227577440119e-11,113.09733551688689,0.12903225805043098,1635.8408747141298,0.005872915625156576
9,17,0.2222222222222222,2.2325235273201185e-07,1.600375285663527e-09,3.107893451615207e-06,9.882964545753687e-11,113.0973355169138,0.12903225805046004,1635.8408747149792,0.005872915625146975
9,18,0.2222222222222222,2.2325244520918928e-07,1.6003759485823605e-09,3.1078987965536836e-06,9.882981542423067e-11,113.09733551691363,0.1290322580504598,1635.8408747149854,0.005872915625146953
9,19,0.2222222222222222,2.232514727383596e-07,1.6003689774653138e-09,3.107881624143284e-06,9.882926934912936e-11,113.0973355168884,0.12903225805043272,1635.8408747142184,0.0058729156251526755
9,20,0.2222222222222222,2.2325049959888737e-07,1.6003620015551304e-09,3.107864009981887e-06,9.882870922654054e-11,113.09733551688903,0.12903225805043347,1635.8408747142184,0.0058729156251526755
8,2,0.25,1.0425159500013466,0.008407386685294468,12.416231766481191,0.0005599030583856594,100.15541277623609,0.12274323156234371,1285.764745275352,0.005799854540634511
8,3,0.25,0.13601941162894116,0.0010969307378647494,1.796269585096242,8.100177681086854e-05,100.52522515420996,0.1285856034078314,1292.8512412901412,0.005971104810025259
8,4,0.25,0.013427954534800304,0.00010828995581935577,0.16464937714478542,7.424771988674435e-06,100.5309133062063,0.12903219182439943,1292.6441926911943,0.005982569704415691
8,5,0.25,0.001060467172503141,8.552154608553723e-06,0.013579090886570657,6.123415429480549e-07,100.53096458904672,0.12903225764631512,1292.621788429337,0.005981262091275325
8,6,0.25,6.973612967322269e-05,5.623881419731407e-07,0.000869030972537192,3.918846784649981e-08,100.53096491550072,0.12903200419048907,1292.6215055014002,0.005981237169748597
8,7,0.25,3.956586632206278e-06,3.1907956679974223e-08,5.04207988557389e-05,2.273697851049141e-09,100.53096489506183,0.12903224689799964,1292.621462157121,0.005981244790115061
8,8,0.25,2.688110050566199e-07,2.1678306838094236e-09,3.574384902846065e-06,1.6118489704370415e-10,100.53096491903914,0.12903225806986293,1292.6214585950147,0.005981245088113333
8,9,0.25,1.9271672251358563e-07,1.5541671155172403e-09,2.4369058543642366e-06,1.0989091267930958e-10,100.5309649307938,0.1290322580608248,1292.6214586789908,0.005981245077314134
8,10,0.25,1.913729217752595e-07,1.5433300127994573e-09,2.4372459578622e-06,1.0990624945718701e-10,100.53096494452149,0.12903225804412838,1292.6214588977946,0.0059812450777493855
8,11,0.25,2.494379493415932e-07,2.0115963636805342e-09,2.784158270273745e-06,1.2555006703114916e-10,100.53096499954762,0.1290322578456466,1292.6214599435177,0.005981245073243064
8,12,0.25,1.9136889174619296e-07,1.5432975125650814e-09,2.437634729925197e-06,1.0992378091690693e-10,100.53096494451923,0.12903225804431917,1292.621458897413,0.0059812450777759485
8,13,0.25,1.9136889174618407e-07,1.5432975125650096e-09,2.4376346935547805e-06,1.0992377927680323e-10,100.53096494451972,0.12903225804427212,1292.6214588974515,0.005981245077769496
8,14,0.25,1.9136889174618407e-07,1.5432975125650096e-09,2.437634693923661e-06,1.099237792934377e-10,100.53096494451923,0.12903225804431917,1292.6214588974128,0.005981245077775958
8,15,0.25,1.9136889174618475e-07,1.5432975125650152e-09,2.4376347020969824e-06,1.0992377966200908e-10,100.53096494451923,0.12903225804431917,1292.6214588974128,0.005981245077775956
8,16,0.25,1.9136005020677523e-07,1.5432262098279118e-09,2.437528477539999e-06,1.0991898952475574e-10,100.53096494451906,0.12903225804431973,1292.621458897338,0.005981245077776274
8,17,0.25,1.9149102315811875e-07,1.5442824433054502e-09,2.438125807855946e-06,1.099459258027711e-10,100.53096494451935,0.12903225804431864,1292.621458897467,0.005981245077775764
8,18,0.25,1.9136458642893232e-07,1.5432627922646267e-09,2.4373684045368866e-06,1.0991177112180602e-10,100.53096494451972,0.12903225804427212,1292.6214588974517,0.00598124507776949
8,19,0.25,1.9136889174618412e-07,1.5432975125650103e-09,2.43763469515383e-06,1.0992377934891149e-10,100.53096494451923,0.12903225804431917,1292.6214588974128,0.005981245077775958
8,20,0.25,1.9136889174618462e-07,1.5432975125650142e-09,2.4376347007736387e-06,1.0992377960233362e-10,100.53096494451923,0.12903225804431917,1292.6214588974128,0.005981245077775956
7,2,0.2857142857142857,1.1880191171424248,0.010949484937731006,11.537263401708183,0.0006077499943755999,87.42234021597797,0.12109066482363982,981.0083320874036,0.005652681412928962
7,3,0.2857142857142857,0.17672788231988576,0.001628828406560651,1.9825333765033968,0.00010443418048694162,87.95368147188925,0.1282846680841835,989.8373333548095,0.0058433632482007974
7,4,0.2857142857142857,0.019933957888833148,0.00018372311396650364,0.19456654980211124,1.0249208623459655e-05,87.96446541109741,0.12903206900103414,989.5368678162514,0.005862200829488964
7,5,0.2857142857142857,0.001799370464057021,1.658405955703861e-05,0.019979736040054444,1.0524752745240468e-06,87.96459329718786,0.12903225659277104,989.5499704977476,0.005860331728710536
7,6,0.2857142857142857,0.00013526399940399798,1.2466728040991402e-06,0.001332494891508957,7.019201474590442e-08,87.96459428494362,0.12903174193837538,989.5412110227861,0.00586014700789288
7,7,0.2857142857142857,8.70320396785576e-06,8.0213861360459e-08,9.539772098367684e-05,5.025278731409612e-09,87.96459428725284,0.1290322266062058,989.5410007647552,0.005860158162197001
7,8,0.2857142857142857,5.21244071814907e-07,4.804092822131481e-09,5.11458932895263e-06,2.694219181512526e-10,87.96459428965858,0.1290322580485924,989.5409857750072,0.005860158894137144
7,9,0.2857142857142857,1.7372504653494195e-07,1.601152500741216e-09,1.9295041598458736e-06,1.0164075322406224e-10,87.96459429215108,0.12903225805224852,989.540984935242,0.005860158854972014
7,10,0.2857142857142857,1.7049249178769744e-07,1.571359369465281e-09,1.8812614331958282e-06,9.90994645467241e-11,87.96459428885323,0.12903225804741106,989.5409849222635,0.005860158852899499
7,11,0.2857142857142857,2.137352893231154e-07,1.9699104983547725e-09,2.0876495863619285e-06,1.0997140137944966e-10,87.96459433064285,0.12903225787647415,989.5409853662658,0.0058601588503156
7,12,0.2857142857142857,1.7030590799483122e-07,1.5696397031736075e-09,1.8783603366743689e-06,9.894664309043846e-11,87.96459428746772,0.12903225804537868,989.5409849021487,0.005860158852961182
7,13,0.2857142857142857,1.7030590799476277e-07,1.5696397031729768e-09,1.878360291437928e-06,9.894664070751232e-11,87.96459428746772,0.12903225804537868,989.5409849021487,0.005860158852961182
7,14,0.2857142857142857,1.7030590799476272e-07,1.5696397031729762e-09,1.8783602896786283e-06,9.894664061483745e-11,87.96459428746772,0.12903225804537866,989.5409849021487,0.005860158852961182
7,15,0.2857142857142857,1.703059079947629e-07,1.569639703172978e-09,1.8783602915147044e-06,9.894664071155668e-11,87.96459428746772,0.12903225804537866,989.5409849021487,0.005860158852961182
7,16,0.2857142857142857,1.703026756575806e-07,1.569609912046909e-09,1.8782526496816495e-06,9.894097044806732e-11,87.96459428746765,0.1290322580453785,989.5409849021488,0.0058601588529611824
7,17,0.2857142857142857,1.703059903022174e-07,1.5696404617670277e-09,1.878367002483909e-06,9.894699422619479e-11,87.96459428746772,0.12903225804537866,989.5409849021487,0.005860158852961182
7,18,0.2857142857142857,1.703058409916903e-07,1.569639085633139e-09,1.8783599242439453e-06,9.89466213647849e-11,87.96459428746772,0.12903225804537868,989.5409849021488,0.0058601588529611824
7,19,0.2857142857142857,1.7030590799476272e-07,1.5696397031729762e-09,1.8783602900400863e-06,9.894664063387802e-11,87.96459428746772,0.12903225804537863,989.5409849021487,0.005860158852961182
7,20,0.2857142857142857,1.7030590799476285e-07,1.5696397031729774e-09,1.8783602920779633e-06,9.894664074122754e-11,87.96459428746843,0.1290322580453796,989.5409849021487,0.005860158852961182
6,2,0.3333333333333333,1.3757010456746261,0.01479248429084003,11.532503738755016,0.000853733811704219,74.57710121701766,0.1187965774089723,725.6980711851475,0.005440093493640655
6,3,0.3333333333333333,0.2385029887725526,0.0025645482540185677,2.2848084865042213,0.00016914091704495508,75.37552325024402,0.12768895154244597,724.0447777143155,0.005672924747057525
6,4,0.3333333333333333,0.03138359410060372,0.0003374579994562862,0.2660716099544402,1.9696878917049867e-05,75.39785567760042,0.12903162827547776,726.8596280927829,0.005719387742513692
6,5,0.3333333333333333,0.003306312906954967,3.555175151644145e-05,0.031482211300316955,2.3305804934600232e-06,75.39821979810867,0.12903225141073335,726.7924213277097,0.0057159443287155155
6,6,0.3333333333333333,0.0002901333779611104,3.119713726490219e-06,0.0024631724881303482,1.8234493435364833e-07,75.39822364109236,0.12903114055726045,726.8166484887906,0.005715605862163178
6,7,0.3333333333333333,2.178161942265942e-05,2.3421096040582036e-07,0.00020437465319700804,1.5129546509771656e-08,75.3982236873092,0.12903215522413566,726.8163272056483,0.005715630090085321
6,8,0.3333333333333333,1.4629745939226294e-06,1.5730909536298336e-08,1.2515330470462703e-05,9.264909883688055e-10,75.3982236690539,0.12903225803525023,726.816436976064,0.005715633122904586
6,9,0.3333333333333333,1.4429498984748854e-07,1.5515590231445769e-09,1.3276221223579085e-06,9.828185801618665e-11,75.39822367937207,0.12903225805290816,726.8164359546092,0.005715633012346234
6,10,0.3333333333333333,1.4000437561551237e-07,1.5054233864638343e-09,1.2822116283767217e-06,9.492018781896413e-11,75.39822366450238,0.12903225802746104,726.81643615493,0.005715633003587406
6,11,0.3333333333333333,1.7166931506006377e-07,1.8459066046576742e-09,1.4328624398146537e-06,1.060726395674102e-10,75.39822369558098,0.12903225794064369,726.8164364390421,0.005715633001559268
6,12,0.3333333333333333,1.395795015673516e-07,1.5008548483335737e-09,1.2838318845986333e-06,9.504013293683316e-11,75.3982236673087,0.12903225803226356,726.8164361359695,0.005715633003896765
6,13,0.3333333333333333,1.3957943127469343e-07,1.5008540924985434e-09,1.2838269291178012e-06,9.50397660900811e-11,75.39822366730475,0.12903225803225685,726.8164361359695,0.005715633003896784
6,14,0.3333333333333333,1.3957943127468745e-07,1.500854092498479e-09,1.2838269127694832e-06,9.503976487983984e-11,75.39822366730475,0.12903225803225682,726.8164361359695,0.005715633003896786
6,15,0.3333333333333333,1.3957943127468782e-07,1.500854092498483e-09,1.2838269152243583e-06,9.503976506157054e-11,75.39822366730475,0.12903225803225685,726.8164361359694,0.005715633003896784
6,16,0.3333333333333333,1.395794183222327e-07,1.5008539532247728e-09,1.2838262388545868e-06,9.503971499093919e-11,75.3982236673041,0.1290322580322557,726.8164361359695,0.005715633003896785
6,17,0.3333333333333333,1.3957943138772434e-07,1.5008540937139296e-09,1.2838269382973124e-06,9.503976676962644e-11,75.39822366730476,0.12903225803225685,726.8164361359695,0.005715633003896785
6,18,0.3333333333333333,1.3957943127468943e-07,1.5008540924985003e-09,1.2838269205626956e-06,9.503976545675957e-11,75.39822366730475,0.1290322580322568,726.8164361359694,0.005715633003896784
6,19,0.3333333333333333,1.395794312746874e-07,1.5008540924984784e-09,1.2838269124780755e-06,9.503976485826737e-11,75.39822366730473,0.1290322580322568,726.8164361359695,0.005715633003896786
6,20,0.3333333333333333,1.3957943127468774e-07,1.5008540924984821e-09,1.2838269161697201e-06,9.503976513155425e-11,75.39822366730674,0.1290322580322602,726.8164361359695,0.005715633003896785
5,2,0.4,1.6186002538040118,0.02088516457417379,11.529449845939618,0.0011965151398857013,61.50977813342085,0.11566224878503166,490.975400683992,0.005494315959642169
5,3,0.4,0.3382909072631568,0.004365043966558706,2.677473999797501,0.0002778656588316116,62.778795952751096,0.12639256806073465,505.62948997593077,0.005830362322876597
5,4,0.4,0.05344980308975292,0.0006896748788733604,0.3844514740998238,3.98980016790494e-05,62.83059774532798,0.12902968011080568,504.6471573162102,0.0059010264045827885
5,5,0.4,0.00676264068729751,8.725987987353556e-05,0.05278968286445206,5.478462166113357e-06,62.83183381333511,0.12903221851510677,504.8309758593467,0.005897104644749488
5,6,0.4,0.0007128021330960854,9.197446882605309e-06,0.005182554449243218,5.378404819537291e-07,62.831852860334926,0.12902976733973887,504.8042357685887,0.005895840600944671
5,7,0.4,6.43838692057499e-05,8.307596030112729e-07,0.0004963464716370579,5.1510356164283096e-08,62.83185306265284,0.12903185025346367,504.80406885204263,0.005895897383506813
5,8,0.4,5.0785146161369595e-06,6.552922088149528e-08,3.7144103894116734e-05,3.854779131759698e-09,62.831853072966304,0.12903225806691976,504.80399445616376,0.005895907686895101
5,9,0.4,4.028833269131165e-07,5.198494543044809e-09,3.1778839744750167e-06,3.297977214063347e-10,62.83185306898648,0.12903225805874674,504.8039866400658,0.005895907354215672
5,10,0.4,1.1310185529916238e-07,1.4593787786798513e-09,8.778665983322951e-07,9.110414544840303e-11,62.831853067136755,0.12903225800065485,504.803987247857,0.005895907301789741
5,11,0.4,1.1306643978163928e-07,1.4589218042600024e-09,8.17953746031712e-07,8.48864476562894e-11,62.83185308571497,0.1290322579538506,504.8039873856093,0.005895907301705459
5,12,0.4,1.0184343577337849e-07,1.3141088492525701e-09,7.768023680508383e-07,8.06157975004526e-11,62.831853071512974,0.12903225803759943,504.8039872704984,0.005895907303215055
5,13,0.4,1.0187829796667237e-07,1.3145586840049421e-09,7.773052751854999e-07,8.066798871587224e-11,62.83185307151787,0.129032258036885,504.80398727060197,0.005895907303188556
5,14,0.4,1.0187829796648128e-07,1.3145586840024765e-09,7.77305228099382e-07,8.066798382932051e-11,62.83185307151787,0.12903225803688503,504.803987270602,0.005895907303188558
5,15,0.4,1.0187829796647887e-07,1.3145586840024455e-09,7.773052237447675e-07,8.066798337740284e-11,62.83185307151787,0.129032258036885,504.80398727060197,0.005895907303188557
5,16,0.4,1.018775002212068e-07,1.3145483905150596e-09,7.772995395994139e-07,8.066739348230256e-11,62.83185307153119,0.12903225803673088,504.8039872709571,0.005895907303178932
5,17,0.4,1.0187829796647886e-07,1.3145586840024453e-09,7.773052239827575e-07,8.066798340210122e-11,62.83185307151787,0.129032258036885,504.80398727060197,0.005895907303188557
5,18,0.4,1.0187829796647983e-07,1.3145586840024577e-09,7.773052260697578e-07,8.066798361868807e-11,62.83185307151787,0.129032258036885,504.80398727060197,0.005895907303188557
5,19,0.4,1.0187829796647863e-07,1.3145586840024424e-09,7.773052227676558e-07,8.066798327599913e-11,62.83185307151787,0.129032258036885,504.80398727060197,0.005895907303188557
5,20,0.4,1.0187674793847635e-07,1.314538683641114e-09,7.772924379498106e-07,8.066665647998398e-11,62.83185307151787,0.129032258036885,504.80398727060197,0.005895907303188557
4,2,0.5,2.4122526098944936,0.056866898606152606,16.13212842784712,0.004872660299559206,44.11321831321066,0.1132393024232161,297.27836137187677,0.005387807584018676
4,3,0.5,0.2654712450678298,0.0062582692684004,1.724063820409342,0.0005207482304141364,50.546628756827154,0.12975396489161273,324.17268793755903,0.006292532224106101
4,4,0.5,0.1382610344675168,0.0032593917386578913,0.9214419283779077,0.00027831873040422446,50.23936383717964,0.1289652111690218,323.19190206054714,0.006312213418720317
4,5,0.5,0.005027513012198856,0.00011851954125083515,0.03183680617531525,9.61621042189549e-06,50.26595357839998,0.12903346743919514,323.0982288409775,0.006328211582439208
4,6,0.5,0.0029527485714470024,6.960865248241261e-05,0.019512465528419665,5.893680834001172e-06,50.265468362948326,0.1290322218837501,323.09442722200595,0.00632935498401128
4,7,0.5,5.4153485728705726e-05,1.2766245000513161e-06,0.00032759898813181863,9.895027744077463e-08,50.265482618512664,0.12903225847800062,323.0971195826976,0.006329988661509376
4,8,0.5,3.3262957029207626e-05,7.841472310826907e-07,0.0002190228218741508,6.615517683341592e-08,50.26548247293065,0.12903225810428934,323.0970512727078,0.006329990081784771
4,9,0.5,3.8914124961721124e-07,9.173689312091306e-09,2.4702820980465245e-06,7.461411903394742e-10,50.26548248038421,0.12903225812342276,323.0970480215076,0.006329993051477707
4,10,0.5,2.8432138573159643e-07,6.702646044464916e-09,1.8432486210375075e-06,5.567476367497109e-10,50.26548246199805,0.12903225807622518,323.097047701507,0.006329993110826847
4,11,0.5,1.3339651583168005e-07,3.144714657618701e-09,8.338981484142456e-07,2.5187639807280437e-10,50.265482493503,0.1290322581570989,323.0970480154445,0.00632999315271913
4,12,0.5,1.1986040124887508e-07,2.8256117359991855e-09,7.69810654231583e-07,2.3251896548114194e-10,50.2654824903343,0.1290322581489648,323.0970478216993,0.00632999316060574
4,13,0.5,1.205483343533607e-07,2.8418292009280806e-09,7.792655311013707e-07,2.353747822672958e-10,50.26548249031743,0.1290322581489215,323.0970478198572,0.006329993160896801
4,14,0.5,1.2054833434158305e-07,2.841829200650432e-09,7.792650607209417e-07,2.353746401903186e-10,50.265482490317424,0.1290322581489215,323.09704781985613,0.006329993160897597
4,15,0.5,1.2054833433801328e-07,2.841829200566278e-09,7.792646280754521e-07,2.353745095110651e-10,50.265482490317424,0.12903225814892147,323.09704781985516,0.006329993160898328
4,16,0.5,1.205575972862263e-07,2.8420475670568615e-09,7.793495563233234e-07,2.3540016182988737e-10,50.26548249031639,0.12903225814891883,323.097047819749,0.006329993160926009
4,17,0.5,1.2054833433801313e-07,2.8418292005662743e-09,7.792646279787981e-07,2.3537450948187104e-10,50.26548249031743,0.1290322581489215,323.09704781985516,0.006329993160898329
4,18,0.5,1.2054833433801527e-07,2.8418292005663247e-09,7.792646345232192e-07,2.353745114585935e-10,50.26548249031743,0.12903225814892152,323.09704781985516,0.006329993160898317
4,19,0.5,1.2054833433801265e-07,2.8418292005662627e-09,7.792646246623719e-07,2.353745084801546e-10,50.26548249031743,0.1290322581489215,323.09704781985516,0.0063299931608983345
4,20,0.5,1.2054833433801307e-07,2.841829200566273e-09,7.792646277115672e-07,2.3537450940115475e-10,50.26548249031743,0.1290322581489215,323.09704781985516,0.00632999316089833
3,2,0.6666666666666666,2.1925599659843984,0.04715182707675399,9.786514345386847,0.0028755299485912038,33.45146173951146,0.11145320733174428,158.1394542316238,0.005120743654255776
3,3,0.6666666666666666,0.8500939658385903,0.018281590605535324,3.8502559487901333,0.0011313043541091162,37.217763742734995,0.1150579701731778,182.30667818749416,0.005408836563448
3,4,0.6666666666666666,0.22613342798951935,0.004863084457554713,1.0294160427868202,0.0003024689441127812,37.66523955724583,0.1283400111201999,180.6164828636217,0.005723168608467137
3,5,0.6666666666666666,0.048077786780937104,0.0010339308952537565,0.21345336442855803,6.271809557313929e-05,37.6975998169523,0.129027082872432,181.8213383293622,0.005768557942215491
3,6,0.6666666666666666,0.008504915133602577,0.00018290140014576474,0.038803643659485895,1.1401509824579144e-05,37.699065187887584,0.12903209837840643,181.63417018620748,0.0057525752160167394
3,7,0.6666666666666666,0.0012876308960466875,2.76909869244193e-05,0.0057371647063441875,1.6857267409892149e-06,37.6991107926265,0.12901776577849805,181.62289820536566,0.005751724268266587
3,8,0.6666666666666666,0.00017030782836310377,3.662533931740916e-06,0.0007798454256807249,2.2913866956868375e-07,37.69911181235956,0.12903170238999875,181.6219084024836,0.005752064971815102
3,9,0.6666666666666666,1.9997553917824313e-05,4.3005492160756977e-07,8.949426202799214e-05,2.6295718946129796e-08,37.69911184701576,0.1290322580779955,181.62129816087608,0.0057520793462428185
3,10,0.6666666666666666,2.104406909463823e-06,4.5256062426376776e-08,9.498309142645334e-06,2.790847837823781e-09,37.69911184193483,0.12903225806060503,181.62133541540146,0.0057520746966618404
3,11,0.6666666666666666,1.928770368386296e-07,4.14789325226441e-09,8.367946841926061e-07,2.458718283442768e-10,37.69911183062769,0.12903225614414884,181.62133239486207,0.005752074444866092
3,12,0.6666666666666666,6.660002802764194e-08,1.4322586627437707e-09,3.1828449905825874e-07,9.35201826629718e-11,37.699111835937764,0.12903225799256143,181.62133278667076,0.005752074495471329
3,13,0.6666666666666666,6.695825566895072e-08,1.4399624829626724e-09,3.1905977250651577e-07,9.374797796783041e-11,37.69911183905356,0.12903225805074334,181.62133283370272,0.00575207449720972
3,14,0.6666666666666666,6.705525223286892e-08,1.4420484305672375e-09,3.2026677388514174e-07,9.410262605700079e-11,37.69911184023545,0.1290322580547886,181.6213328352894,0.005752074497252066
3,15,0.6666666666666666,6.703505328314866e-08,1.441614044553118e-09,3.1971986970429054e-07,9.394193152414204e-11,37.699111840236085,0.12903225805479077,181.62133283549952,0.005752074497255925
3,16,0.6666666666666666,6.703505328058257e-08,1.4416140444979333e-09,3.197197692120423e-07,9.394190199693152e-11,37.699111840236085,0.1290322580547908,181.62133283549952,0.005752074497255945
3,17,0.6666666666666666,6.703505328050393e-08,1.4416140444962421e-09,3.197197487837498e-07,9.394189599457307e-11,37.699111840236085,0.12903225805479077,181.62133283549952,0.005752074497255949
3,18,0.6666666666666666,6.703505328050417e-08,1.4416140444962473e-09,3.1971974954127575e-07,9.394189621715371e-11,37.699111840236085,0.12903225805479077,181.62133283549952,0.005752074497255949
3,19,0.6666666666666666,6.703505328050383e-08,1.4416140444962398e-09,3.197197486092656e-07,9.394189594330513e-11,37.699111840236085,0.12903225805479082,181.62133283549952,0.005752074497255949
3,20,0.6666666666666666,6.703505328050389e-08,1.4416140444962413e-09,3.1971974881997114e-07,9.394189600521584e-11,37.699111840236085,0.12903225805479077,181.62133283549952,0.005752074497255949
2,2,1.0,2.8277024354728932,0.11898500329179537,7.4147194198605755,0.007498312560811029,23.633731549762864,0.08409883692573084,72.92334473437244,0.004300336798563545
2,3,1.0,1.6537551587165253,0.06958725944259478,5.250557660029393,0.005309752159738671,19.597683262757126,0.1060423790578785,63.890589210472456,0.005116027231728432
2,4,1.0,0.4787570636348254,0.020145298910503436,1.3367235960064563,0.001351793744672293,25.98297226993826,0.1246970646680374,82.69217138493387,0.0057375729441149145
2,5,1.0,0.2664335824501517,0.011211080871589124,0.8232647451405584,0.000832546186822052,24.93430728344503,0.1306092186182684,78.79215299137076,0.005780777431365418
2,6,1.0,0.0274422724348789,0.001154725064079223,0.0793780999290013,8.027300428343592e-05,25.144076399003303,0.13274424540487795,80.61219194286228,0.005914740388151663
2,7,1.0,0.017227178885775154,0.0007248909611981533,0.055222837761996824,5.584541701271774e-05,25.13174423770436,0.132716644570884,80.49032078494344,0.005914140341987352
2,8,1.0,0.000982824375744002,4.135561087197636e-05,0.0027762962449621904,2.8075960568881425e-06,25.132773444595788,0.13269524872032726,80.54801404962306,0.005915427651207067
2,9,1.0,0.0006265589557146235,2.6364556069613712e-05,0.0019989790687211456,2.0215154493427816e-06,25.13273971677158,0.13269601896247232,80.54556893484524,0.005915425206458833
2,10,1.0,2.2629299821962e-05,9.522032021579677e-07,6.0737793585449983e-05,6.142254814630477e-08,25.13274126981222,0.13269663399219098,80.54670349589844,0.005915486574168944
2,11,1.0,1.460660559969359e-05,6.146216071249548e-07,4.647067682691062e-05,4.699458469423326e-08,25.132741215534846,0.13269662272349764,80.54667586891813,0.00591548664474629
2,12,1.0,3.7512591904603536e-07,1.5784673151107505e-08,1.0755320788155138e-06,1.0876575686108985e-09,25.132741236874622,0.13269661386324985,80.54670372253739,0.005915487510428388
2,13,1.0,2.2431399475498462e-07,9.438758855775462e-09,6.73803233637204e-07,6.813996544176636e-10,25.13274124055404,0.13269661390270107,80.54670319432613,0.005915487517890155
2,14,1.0,5.785205943998489e-08,2.4343181929440077e-09,1.7590062170760636e-07,1.778837156901367e-10,25.132741236934773,0.13269661405792893,80.54670364838833,0.005915487546304291
2,15,1.0,5.489512575055887e-08,2.3098953539789396e-09,1.6512709651600045e-07,1.6698873036512873e-10,25.132741233648424,0.13269661409642353,80.54670361804662,0.005915487546763473
2,16,1.0,5.71479354511481e-08,2.4046898296202813e-09,1.7401075828097068e-07,1.7597254604665663e-10,25.132741238257182,0.13269661407495753,80.54670366391254,0.005915487547657433
2,17,1.0,5.713979034293589e-08,2.4043470970486764e-09,1.7394104046937068e-07,1.7590204224026413e-10,25.13274123825718,0.13269661407495753,80.54670366391252,0.005915487547659237
2,18,1.0,5.713978989822824e-08,2.40434707833612e-09,1.7393939099077406e-07,1.7590037416553609e-10,25.132741238257278,0.1326966140749536,80.5467036639125,0.005915487547660887
2,19,1.0,5.7139789898140245e-08,2.4043470783324176e-09,1.739393772188661e-07,1.759003602383644e-10,25.132741238257278,0.1326966140749536,80.5467036639125,0.005915487547660901
2,20,1.0,5.713978989811383e-08,2.4043470783313063e-09,1.7393936427918603e-07,1.7590034715280307e-10,25.132741238257278,0.1326966140749536,80.5467036639125,0.005915487547660914
1,2,2.0,1.0000000004637364,0.07790494816650147,1.5688484175445159,0.005698647559872228,8.885765872645724,0.09383067566215846,14.288847711127373,0.006453436452865958
1,3,2.0,1.3363463728713225,0.10410799486275396,2.213144857074952,0.008038974574199794,10.588622902376068,0.10193756292790988,18.041009065314693,0.004797748626771544
1,4,2.0,1.343041663483871,0.10462959113064234,2.151381158215608,0.007814625588117142,10.403085777419651,0.07990466651804547,17.319083214192613,0.004518363655582772
1,5,2.0,0.9858671747694076,0.07680393111384916,1.5524223916267286,0.005638982055246035,8.99738272463934,0.09500931178513858,14.701790501930782,0.005642919215090059
1,6,2.0,0.7864831830645449,0.06127093158205489,1.1196519626508787,0.00406699707474163,14.334863767961592,0.09917295424902378,23.047843938111555,0.005201580535818324
1,7,2.0,0.43702506608249436,0.03404641510483004,0.6978253131588752,0.0025347640177206987,11.554312464973583,0.12200962313644292,18.466636366580897,0.005431970115657037
1,8,2.0,0.11883910015999856,0.00925815393382502,0.1732989507019378,0.0006294869736948268,12.739414129411477,0.1295660376819004,20.451862695210686,0.005801668667014616
1,9,2.0,0.07721837768525965,0.00601569370828179,0.1225414087756243,0.00044511648945376957,12.525565211042135,0.1308603039402253,20.111281832330512,0.005805847445567204
1,10,2.0,0.012150701517065595,0.0009465997714346531,0.01724150330296743,6.262762522319743e-05,12.570317078573705,0.13091995398213943,20.047771894899746,0.005813576854968776
1,11,2.0,0.008148010497281016,0.0006347703351564213,0.012535674971802501,4.553428667201793e-05,12.56584382271588,0.13095828753670338,20.0551176307385,0.005815769831734967
1,12,2.0,0.0008645948763028093,6.735621899215758e-05,0.0012189150564328665,4.427557968222623e-06,12.56640473952549,0.13098297144309934,20.040988831699877,0.0058158862863479915
1,13,2.0,0.0005790830978892027,4.511343870423469e-05,0.0009286242581944123,3.373112598908931e-06,12.566367637548867,0.1309818889880823,20.042049207487853,0.005816050147492382
1,14,2.0,4.4284573493563434e-05,3.4499874009917994e-06,6.376604816339528e-05,2.3162227191953464e-07,12.566370748038523,0.13098102662020486,20.041873129738434,0.005816073410746217
1,15,2.0,2.970008765541271e-05,2.3137837882624915e-06,4.590765197213526e-05,1.667538596876896e-07,12.566370599327755,0.13098106630740816,20.04188104235781,0.005816081316562488
1,16,2.0,1.7108972056487691e-06,1.3328735806246936e-07,2.329940386360715e-06,8.463219868088687e-09,12.566370608841531,0.13098109945322786,20.041918641816597,0.00581608740020821
1,17,2.0,1.149824660843984e-06,8.957703056207556e-08,1.779652453567783e-06,6.464367110633812e-09,12.566370616416721,0.1309810983451586,20.041917100420417,0.005816087564555057
1,18,2.0,6.368089023212763e-08,4.96105645042995e-09,8.764525510755348e-08,3.183605334763748e-10,12.566370606097388,0.13098109742059222,20.0419188232898,0.005816087748056443
1,19,2.0,4.813711148169956e-08,3.75011917312784e-09,7.595130151872604e-08,2.758836954727825e-10,12.56637060821235,0.13098109741610425,20.04191877203114,0.005816087754919001
1,20,2.0,1.8882897255470177e-08,1.4710711312385878e-09,2.9039165835656844e-08,1.0548117312002531e-10,12.566370609572216,0.13098109751413392,20.04191877447196,0.0058160877642257315
