K,N,h,l2phi,relL2phi,l1phi,relL1phi,l2u,relL2u,l1u,relL1u
20,2,0.1,0.4167781255261073,0.001344445566595002,11.369657445559886,7.426814634414499e-05,251.30078716112567,0.12793458612413472,8078.549953258131,0.005884719751970785
20,3,0.1,0.02204868913492729,7.112480368125152e-05,0.7129334007930134,4.656977784709073e-06,251.32734917387185,0.1290202504037307,8078.893880747024,0.0059115921356062626
20,4,0.1,0.0008722215748242824,2.8136179841030577e-06,0.02350146130490156,1.5351473655658048e-07,251.32741219162065,0.12903225801545393,8078.879691118641,0.005911836563804968
20,5,0.1,2.754006535854066e-05,8.883892053664711e-08,0.0008814081069270991,5.7574774427123526e-09,251.32741226241424,0.12903225805179955,8078.878778363594,0.005911794049887385
20,6,0.1,8.092539612847031e-07,2.610496650046739e-09,2.3581718343313473e-05,1.540389864297595e-10,251.32741220433843,0.12903225675561503,8078.878763027181,0.005911793949146807
20,7,0.1,4.029887674631851e-07,1.2999637663793965e-09,1.2761284867038096e-05,8.335844563326129e-11,251.32741220455608,0.12903225802209498,8078.878762810278,0.0059117939814044675
20,8,0.1,4.009620464682018e-07,1.2934259567163038e-09,1.2677673064099867e-05,8.281228198264582e-11,251.32741220273223,0.12903225802115859,8078.878762774342,0.005911793981580192
20,9,0.1,4.0085039941688723e-07,1.2930658049377673e-09,1.2670345177768688e-05,8.276441523406143e-11,251.32741220298607,0.12903225802128893,8078.878762781571,0.00591179398156569
20,10,0.1,4.0085039941629643e-07,1.2930658049358614e-09,1.2670344452145032e-05,8.276441049418918e-11,251.32741220298607,0.12903225802128893,8078.87876278157,0.005911793981565726
20,11,0.1,5.668278487535942e-07,1.8284769319823994e-09,1.4763269601262812e-05,9.643568177094368e-11,251.3274124105296,0.12903225775563515,8078.878770141794,0.005911793976692386
20,12,0.1,4.0085039941629643e-07,1.2930658049358614e-09,1.2670344451663202e-05,8.27644104910418e-11,251.32741220298607,0.12903225802128893,8078.878762781569,0.005911793981565726
20,13,0.1,4.0085039941629643e-07,1.2930658049358614e-09,1.2670344454260075e-05,8.276441050800493e-11,251.32741220298607,0.12903225802128895,8078.87876278157,0.005911793981565725
20,14,0.1,4.0085039941629643e-07,1.2930658049358614e-09,1.2670344454410405e-05,8.276441050898691e-11,251.32741220298607,0.12903225802128895,8078.878762781569,0.005911793981565725
20,15,0.1,4.0075882844835506e-07,1.2927704147166118e-09,1.2667343623737348e-05,8.274480867554137e-11,251.32741220298607,0.12903225802128893,8078.878762781569,0.005911793981565726
20,16,0.1,4.0084712236865127e-07,1.2930552338144226e-09,1.2670228804285975e-05,8.276365506666975e-11,251.32741220276898,0.1290322580211775,8078.8787627732045,0.005911793981570401
20,17,0.1,4.0085233320867174e-07,1.2930720429757837e-09,1.2670330377893436e-05,8.276431855926659e-11,251.32741220298618,0.129032258021289,8078.87876278174,0.005911793981565469
20,18,0.1,4.008504141618297e-07,1.2930658525020978e-09,1.2670277214453557e-05,8.276397128845811e-11,251.32741220298612,0.12903225802128898,8078.878762781628,0.0059117939815656285
20,19,0.1,4.0085039941629643e-07,1.2930658049358614e-09,1.2670344455861043e-05,8.276441051846267e-11,251.32741220298607,0.12903225802128895,8078.878762781569,0.005911793981565725
20,20,0.1,4.008505459495941e-07,1.2930662776239187e-09,1.2670355433655089e-05,8.276448222690408e-11,251.32741220299013,0.129032258021291,8078.878762782943,0.00591179398156604
19,2,0.10526315789473684,0.4387745707911409,0.0014898966755816647,11.24841303692292,8.005925251369524e-05,238.7300579953431,0.12781809429968413,7289.606003587626,0.005854057404562462
19,3,0.10526315789473684,0.02442470014106832,8.293616349881562e-05,0.7496490359412645,5.335538557133903e-06,238.76096028350776,0.12901752986153972,7291.140442942453,0.005882643052118635
19,4,0.10526315789473684,0.001017033930679576,3.4534259119463263e-06,0.02562430450058485,1.8237796369729784e-07,238.76104151381378,0.129032257978583,7291.067134880585,0.005883026105453033
19,5,0.10526315789473684,3.388567066678636e-05,1.1506170010096555e-07,0.0010346978279962228,7.364339699743305e-09,238.7610416528138,0.129032258053702,7291.067195872717,0.005882975204550682
19,6,0.10526315789473684,1.0329031463256142e-06,3.5073111942964175e-09,2.8117967012296524e-05,2.0012631238024001e-10,238.76104163913558,0.12903225628336598,7291.067001559069,0.0058829746781258315
19,7,0.10526315789473684,4.534496469587812e-07,1.5397271549475316e-09,1.347783401753509e-05,9.59268932786885e-11,238.7610416479315,0.12903225803823845,7291.067001384596,0.005882974719293685
19,8,0.10526315789473684,4.517645967975867e-07,1.5340054226492689e-09,1.3431278259879908e-05,9.55955381670076e-11,238.76104164503226,0.12903225804949667,7291.067001253938,0.005882974719551157
19,9,0.10526315789473684,4.518020333576853e-07,1.5341325416988883e-09,1.3434163774058299e-05,9.56160754736909e-11,238.7610416448779,0.12903225804941323,7291.067001256035,0.005882974719522277
19,10,0.10526315789473684,4.5180651906404505e-07,1.5341477732994364e-09,1.3434255394907742e-05,9.561672757427585e-11,238.7610416448728,0.12903225804941032,7291.067001252323,0.005882974719520232
19,11,0.10526315789473684,5.926456622406115e-07,2.0123791594807e-09,1.5191774102818886e-05,1.0812565959627178e-10,238.76104183941544,0.12903225775289917,7291.067007340478,0.005882974715050089
19,12,0.10526315789473684,4.5181350141698825e-07,1.534171482477521e-09,1.3434596171570585e-05,9.561915301196307e-11,238.7610416448728,0.12903225804941026,7291.067001252323,0.0058829747195202325
19,13,0.10526315789473684,4.5180526603141555e-07,1.5341435185197082e-09,1.343438301936401e-05,9.561763592628405e-11,238.76104164491187,0.12903225804943158,7291.067001253407,0.005882974719520156
19,14,0.10526315789473684,4.518151474737839e-07,1.5341770718045031e-09,1.3434692712692682e-05,9.561984013200806e-11,238.7610416449406,0.1290322580494461,7291.067001255803,0.005882974719521141
19,15,0.10526315789473684,4.5180223933194404e-07,1.5341332411021438e-09,1.3433955454605197e-05,9.561459278456447e-11,238.76104164479585,0.1290322580493672,7291.067001249478,0.005882974719518886
19,16,0.10526315789473684,4.5180706784625476e-07,1.534149636736482e-09,1.343442605401568e-05,9.561794222033936e-11,238.76104164482274,0.12903225804938262,7291.067001249791,0.00588297471952398
19,17,0.10526315789473684,4.5181589595671833e-07,1.5341796133424819e-09,1.3434804648182879e-05,9.56206368196515e-11,238.76104164494186,0.1290322580494478,7291.06700125415,0.005882974719519712
19,18,0.10526315789473684,4.5181632692062957e-07,1.5341810767173931e-09,1.3434774499152509e-05,9.562042223748534e-11,238.7610416449178,0.12903225804943474,7291.0670012534065,0.005882974719520156
19,19,0.10526315789473684,4.518151474737839e-07,1.5341770718045031e-09,1.3434692713789127e-05,9.561984013981188e-11,238.7610416448781,0.1290322580494128,7291.067001252324,0.005882974719520233
19,20,0.10526315789473684,4.518084554635258e-07,1.5341543485099e-09,1.3434360878697155e-05,9.561747834270024e-11,238.76104164488396,0.1290322580494156,7291.067001252394,0.0058829747195201
18,2,0.1111111111111111,0.4632228678283996,0.0016602970172303444,11.236919410729849,8.940635697920614e-05,226.15832797887538,0.12768217008240262,6544.045873126308,0.005835664242764598
18,3,0.1111111111111111,0.02720606239129142,9.7512768423119e-05,0.7907495851763982,6.291585541312369e-06,226.1945645845713,0.12901399443390238,6543.320035089613,0.005867754274187853
18,4,0.1111111111111111,0.0011957133810032508,4.285711042826878e-06,0.028609434874809297,2.2763047895031704e-07,226.19467084757574,0.12903225794421475,6543.618960963751,0.005868338414981417
18,5,0.1111111111111111,4.194757174938702e-05,1.5034971952499375e-07,0.0012135692488553082,9.655742959101413e-09,226.19467102055933,0.12903225804289284,6543.617111533345,0.005868273538885549
18,6,0.1111111111111111,1.31615952128339e-06,4.717417638793344e-09,3.33988133220046e-05,2.6573708659845777e-10,226.19467101767077,0.12903225562149082,6543.617386228306,0.0058682729510474195
18,7,0.1111111111111111,4.176390546474442e-07,1.4969141742953056e-09,1.1496218770116173e-05,9.146946789443049e-11,226.19467102995142,0.12903225802559287,6543.617385633282,0.00586827300914293
18,8,0.1111111111111111,4.2101310941492304e-07,1.509007560558119e-09,1.1530848077713366e-05,9.174499538767041e-11,226.19467103061262,0.12903225804862775,6543.617385948739,0.005868273010028652
18,9,0.1111111111111111,4.210728199773932e-07,1.5092215769110488e-09,1.1532128710532852e-05,9.175518472078148e-11,226.19467103087135,0.1290322580487753,6543.617385968173,0.005868273009985471
18,10,0.1111111111111111,4.2108400228968455e-07,1.5092616568834175e-09,1.1532334102376008e-05,9.175681891746642e-11,226.19467103089028,0.12903225804878612,6543.617385968663,0.005868273009977491
18,11,0.1111111111111111,5.564303029736715e-07,1.9943738456927796e-09,1.310654396860909e-05,1.0428199277661416e-10,226.19467121652582,0.12903225775855243,6543.617391652456,0.005868273005434387
18,12,0.1111111111111111,4.2108400228968455e-07,1.5092616568834175e-09,1.153233409849843e-05,9.175681888661453e-11,226.19467103089028,0.12903225804878615,6543.617385968663,0.005868273009977491
18,13,0.1111111111111111,4.210830044513345e-07,1.5092580804018763e-09,1.1532250066796401e-05,9.175615028981549e-11,226.19467103089028,0.12903225804878615,6543.617385968663,0.005868273009977491
18,14,0.1111111111111111,4.2108400228968455e-07,1.5092616568834175e-09,1.1532334099765786e-05,9.175681889669823e-11,226.19467103089028,0.12903225804878615,6543.617385968663,0.005868273009977491
18,15,0.1111111111111111,4.210830186841228e-07,1.5092581314154545e-09,1.153225251659536e-05,9.175616978159897e-11,226.19467103089028,0.12903225804878612,6543.617385968663,0.005868273009977491
18,16,0.1111111111111111,4.2108478898772704e-07,1.5092644765896629e-09,1.1532466178655292e-05,9.175786978012215e-11,226.19467103083716,0.12903225804875584,6543.617385965643,0.005868273009983624
18,17,0.1111111111111111,4.210677862519317e-07,1.509203534884306e-09,1.1531896215400768e-05,9.175333487724205e-11,226.19467103096056,0.1290322580488262,6543.617385970537,0.005868273009974962
18,18,0.1111111111111111,4.210841885891e-07,1.5092623246232578e-09,1.1532337295097643e-05,9.175684432030146e-11,226.19467103089028,0.12903225804878615,6543.617385968663,0.005868273009977491
18,19,0.1111111111111111,4.2108400228968455e-07,1.5092616568834175e-09,1.1532334100328411e-05,9.175681890117475e-11,226.19467103089028,0.1290322580487861,6543.617385968663,0.005868273009977491
18,20,0.1111111111111111,4.2106911103547644e-07,1.5092082832124231e-09,1.1531973075457137e-05,9.175394641296515e-11,226.19467103120667,0.12903225804896662,6543.61738597726,0.005868273009980991
17,2,0.11764705882352941,0.49055661213354806,0.0018616949293180892,11.265403092206979,0.00010017375344703076,213.58529392962063,0.12752227946608014,5835.324707185085,0.005846189973299876
17,3,0.11764705882352941,0.03049039607787957,0.00011571307850527003,0.8370839333322921,7.443483279360593e-06,213.62815904819388,0.12900933332189266,5836.957431726676,0.005882434392327354
17,4,0.11764705882352941,0.001418748734340389,5.384245690238302e-06,0.032081004250208794,2.8526938484044764e-07,213.628300144175,0.12903225788335673,5836.866423041691,0.00588304132922903
17,5,0.11764705882352941,5.268841049382242e-05,1.999560177643176e-07,0.0014399955601986896,1.2804669218800482e-08,213.62830042025797,0.12903225805011184,5836.868011496151,0.005882961634212734
17,6,0.11764705882352941,1.699638014102617e-06,6.450239165606623e-09,3.9671401318398374e-05,3.5276440106404625e-10,213.62830042601263,0.12903225463487641,5836.867737926825,0.005882960601145285
17,7,0.11764705882352941,4.144313263645249e-07,1.5727944130398601e-09,1.0858319247360739e-05,9.655389924633143e-11,213.6283004222403,0.12903225801667276,5836.867737535098,0.005882960682425463
17,8,0.11764705882352941,4.1411020353319786e-07,1.5715757305637038e-09,1.0858674038300018e-05,9.655705410371077e-11,213.62830042466,0.12903225804957924,5836.867737501802,0.005882960683202296
17,9,0.11764705882352941,4.141662161126772e-07,1.571788302023583e-09,1.0860735315307312e-05,9.657538330622794e-11,213.62830042640124,0.12903225804653592,5836.867737553046,0.005882960683148926
17,10,0.11764705882352941,4.1415269500088443e-07,1.5717369885061608e-09,1.0859986349710936e-05,9.65687233851956e-11,213.62830042637032,0.12903225804640517,5836.867737553254,0.005882960683144674
17,11,0.11764705882352941,5.418360611199844e-07,2.0563038445685977e-09,1.2296253428214802e-05,1.0934023835261492e-10,213.62830059799035,0.12903225775611363,5836.867742441102,0.005882960678701513
17,12,0.11764705882352941,4.141510282195549e-07,1.571730662960296e-09,1.0859883720193729e-05,9.656781078722916e-11,213.62830042637034,0.12903225804640509,5836.867737553277,0.005882960683144579
17,13,0.11764705882352941,4.141510282195549e-07,1.571730662960296e-09,1.085988372097316e-05,9.656781079415997e-11,213.62830042637032,0.1290322580464052,5836.867737553254,0.005882960683144674
17,14,0.11764705882352941,4.141512637339211e-07,1.57173155675296e-09,1.0859902923276402e-05,9.656798154409008e-11,213.6283004263811,0.1290322580463747,5836.867737553691,0.00588296068314381
17,15,0.11764705882352941,4.141341001283324e-07,1.5716664197296217e-09,1.085964794896075e-05,9.656571427198075e-11,213.62830042638103,0.1290322580463748,5836.867737553622,0.005882960683143882
17,16,0.11764705882352941,4.14144002101602e-07,1.5717039983759397e-09,1.085972998688855e-05,9.656644376626386e-11,213.62830042625848,0.1290322580465956,5836.867737550877,0.005882960683147021
17,17,0.11764705882352941,4.1415388090523775e-07,1.571741489091958e-09,1.0860004837838698e-05,9.656888778456391e-11,213.62830042641698,0.12903225804631235,5836.8677375548805,0.0058829606831428734
17,18,0.11764705882352941,4.141521094575221e-07,1.5717347663302048e-09,1.0859942380826673e-05,9.656833240689367e-11,213.6283004263861,0.12903225804636653,5836.867737554303,0.005882960683143357
17,19,0.11764705882352941,4.141510258338723e-07,1.5717306539064718e-09,1.0859883219604231e-05,9.656780633590783e-11,213.6283004263811,0.1290322580463747,5836.867737553691,0.00588296068314381
17,20,0.11764705882352941,4.141517476524294e-07,1.5717333932558442e-09,1.0859903927460695e-05,9.65679904734563e-11,213.6283004264269,0.1290322580463913,5836.867737553277,0.005882960683144578
16,2,0.125,0.5213176550249787,0.002102087318735579,11.479291486673313,0.00011834421756541348,201.010536350666,0.12733250045823877,5167.305852341206,0.005856860345058214
16,3,0.125,0.03440672521771494,0.0001387367952384286,0.8935946096122326,9.212393902358997e-06,201.0617388393799,0.12900308855244097,5170.487644105942,0.005900010792119259
16,4,0.125,0.0017009322387046496,6.858597736994432e-06,0.03724385970487086,3.8396058162700163e-07,201.06192938198694,0.12903225777716454,5170.467172449414,0.005900654713211586
16,5,0.125,6.704052226409286e-05,2.703246865598816e-07,0.0017238058261213709,1.7771345205744447e-08,201.0619297788613,0.12903225803186016,5170.469258916044,0.005900554147405489
16,6,0.125,2.2235961506247846e-06,8.96611351095264e-09,4.930661140673288e-05,5.083199041078375e-10,201.06192980866058,0.1290322531726172,5170.469264219507,0.00590055378708734
16,7,0.125,3.4929417613335245e-07,1.4084442586601654e-09,8.804100819437692e-06,9.076469780848078e-11,201.06192980708707,0.12903225800442192,5170.469266335911,0.00590055391113977
16,8,0.125,3.463851302647062e-07,1.3967142349957865e-09,8.616586824815593e-06,8.883154740439182e-11,201.06192981286503,0.1290322580536822,5170.469266349179,0.005900553912548883
16,9,0.125,3.470226689043074e-07,1.399284955316865e-09,8.628634249122905e-06,8.895574871115214e-11,201.06192981556177,0.12903225804327972,5170.469266423711,0.0059005539122844106
16,10,0.125,3.4702365429740514e-07,1.3992889286761301e-09,8.628654623236189e-06,8.895595875534327e-11,201.0619298155617,0.12903225804328,5170.469266423601,0.005900553912285274
16,11,0.125,4.522798933296455e-07,1.8237092473719776e-09,9.741987420833075e-06,1.0043371406580619e-10,201.0619299792703,0.12903225775214822,5170.469271045221,0.005900553907246803
16,12,0.125,3.470236542974037e-07,1.3992889286761243e-09,8.62865459401327e-06,8.895595845407351e-11,201.0619298155617,0.12903225804328,5170.469266423601,0.005900553912285275
16,13,0.125,3.470236542974037e-07,1.3992889286761243e-09,8.628654596326264e-06,8.895595847791901e-11,201.0619298155617,0.12903225804328003,5170.469266423601,0.005900553912285274
16,14,0.125,3.470236542974037e-07,1.3992889286761243e-09,8.62865459670205e-06,8.895595848179312e-11,201.06192981556174,0.12903225804327992,5170.469266423619,0.005900553912285189
16,15,0.125,3.47023654297404e-07,1.3992889286761256e-09,8.628654606357976e-06,8.89559585813396e-11,201.06192981556174,0.12903225804327992,5170.469266423619,0.005900553912285189
16,16,0.125,3.470268837030508e-07,1.3993019504730891e-09,8.628719659364578e-06,8.895662923659523e-11,201.06192981549898,0.1290322580443086,5170.469266422012,0.0059005539123054935
16,17,0.125,3.4702244351974573e-07,1.3992840465081484e-09,8.628628199547776e-06,8.895568634386787e-11,201.06192981556177,0.12903225804327975,5170.469266423692,0.005900553912285055
16,18,0.125,3.470229839084002e-07,1.3992862254946584e-09,8.628641797042648e-06,8.895582652541944e-11,201.06192981556174,0.12903225804327992,5170.469266423619,0.005900553912285186
16,19,0.125,3.4702365429740376e-07,1.3992889286761245e-09,8.62865459829549e-06,8.895595849822047e-11,201.06192981556174,0.12903225804327992,5170.469266423619,0.005900553912285189
16,20,0.125,3.4702346975321317e-07,1.3992881845463238e-09,8.62863624560473e-06,8.895576929361402e-11,201.06192981556228,0.12903225804327867,5170.469266424007,0.005900553912284661
15,2,0.13333333333333333,0.5561917309342198,0.002392222497526994,11.288568755471063,0.00012896506841625227,188.43346379248922,0.12710498839153922,4542.172722384978,0.005837016364084839
15,3,0.13333333333333333,0.03912744784002798,0.00016829009815825375,0.9474748731994954,1.0824327201411809e-05,188.495296264994,0.12899456974368106,4544.375019366959,0.0058834484283541
15,4,0.13333333333333333,0.0020630161424014574,8.87318770511854e-06,0.041327108243483866,4.721372086681642e-07,188.4955585284815,0.12903225759430323,4544.236216682928,0.005884438454881651
15,5,0.13333333333333333,8.687952427696199e-05,3.736753730601067e-07,0.002093270626582546,2.391435047424523e-08,188.4955591915227,0.12903225804817972,4544.240116356335,0.005884310538928743
15,6,0.13333333333333333,3.060919748562889e-06,1.3165246224242812e-08,6.170793119472723e-05,7.049757804324323e-10,188.49555918376913,0.12903225094854423,4544.239574447935,0.005884308365916442
15,7,0.13333333333333333,3.7644138337892494e-07,1.6191027234559034e-09,8.912335291162378e-06,1.0181803871427746e-10,188.49555918778353,0.12903225797457588,4544.239575586621,0.005884308534908201
15,8,0.13333333333333333,3.5468798586384624e-07,1.5255397234346504e-09,8.366208182271107e-06,9.557886690359084e-11,188.4955591882631,0.12903225804594842,4544.239575430018,0.0058843085369194624
15,9,0.13333333333333333,3.5474607510621955e-07,1.5257895696382904e-09,8.365211625668011e-06,9.556748184731994e-11,188.49555918744682,0.12903225804538962,4544.239575411979,0.0058843085367999825
15,10,0.13333333333333333,3.54706177105803e-07,1.5256179653355035e-09,8.36387353340459e-06,9.555219495275983e-11,188.49555918738767,0.12903225804534915,4544.239575411446,0.005884308536784295
15,11,0.13333333333333333,4.5629675752256683e-07,1.962566698107207e-09,9.388964065721052e-06,1.0726323410189671e-10,188.49555933564707,0.129032257771738,4544.239579127648,0.005884308532471736
15,12,0.13333333333333333,3.5470617666883704e-07,1.5256179634560799e-09,8.363873465519636e-06,9.55521941772153e-11,188.49555918738767,0.12903225804534915,4544.239575411446,0.005884308536784295
15,13,0.13333333333333333,3.547076495114324e-07,1.5256242982629386e-09,8.363977952634204e-06,9.555338787928426e-11,188.49555918738767,0.12903225804534912,4544.239575411446,0.005884308536784295
15,14,0.13333333333333333,3.5470617666883704e-07,1.5256179634560799e-09,8.363873466172423e-06,9.555219418467302e-11,188.4955591874016,0.12903225804535867,4544.239575412078,0.005884308536783589
15,15,0.13333333333333333,3.5470469455173296e-07,1.5256115887588611e-09,8.363822561011769e-06,9.555161262401029e-11,188.4955591874016,0.12903225804535864,4544.239575412078,0.005884308536783589
15,16,0.13333333333333333,3.5470153187215966e-07,1.5255979858359715e-09,8.363648035397882e-06,9.554961877446011e-11,188.49555918734828,0.12903225804532215,4544.239575410279,0.005884308536787371
15,17,0.13333333333333333,3.5470553727738904e-07,1.525615213385337e-09,8.363891588633656e-06,9.555240122282845e-11,188.49555918741407,0.12903225804536722,4544.239575412636,0.005884308536781417
15,18,0.13333333333333333,3.5470614119290975e-07,1.5256178108714465e-09,8.363875424354077e-06,9.55522165557137e-11,188.4955591873952,0.1290322580453542,4544.239575411936,0.0058843085367835425
15,19,0.13333333333333333,3.547047213105367e-07,1.52561170385049e-09,8.363822616587852e-06,9.555161325893342e-11,188.4955591873963,0.12903225804535967,4544.239575411921,0.005884308536783766
15,20,0.13333333333333333,3.54710632466591e-07,1.5256371281775935e-09,8.363960210771154e-06,9.55531851892328e-11,188.49555918740305,0.12903225804535956,4544.2395754121035,0.005884308536783622
14,2,0.14285714285714285,0.5960590314667463,0.0027468158134658013,11.27343913627449,0.00014866734030453494,175.85322552570926,0.1268291896607213,3955.1842251280505,0.0057986449332264175
14,3,0.14285714285714285,0.04488890164283154,0.00020686129791243598,1.0139147333044498,1.337089816814923e-05,175.9288186625729,0.12898270944593318,3957.9443526963405,0.005850042017279323
14,4,0.14285714285714285,0.0025355457287095516,1.1684542529700129e-05,0.047592721731336295,6.276242122853939e-07,175.9291875156163,0.12903225726843914,3958.3589241502373,0.005851586528815867
14,5,0.14285714285714285,0.00011435770336954469,5.269940247933668e-07,0.0025710138829908935,3.390498598075585e-08,175.92918858417428,0.12903225805215474,3958.3600482170473,0.005851421506951177
14,6,0.14285714285714285,4.296834934348859e-06,1.9801082648607085e-08,8.072562309251042e-05,1.0645610034806027e-09,175.92918858621724,0.12903224741216635,3958.360705564811,0.005851418996069738
14,7,0.14285714285714285,3.717034928480383e-07,1.7129193220393724e-09,8.101126858479848e-06,1.068327924567869e-10,175.9291885778425,0.12903225792557074,3958.360702149835,0.005851419238476446
14,8,0.14285714285714285,3.4018004844977866e-07,1.5676499930016488e-09,7.424019315461417e-06,9.790350510233769e-11,175.92918858434902,0.12903225805228288,3958.3607029203367,0.005851419242239196
14,9,0.14285714285714285,3.40775780079932e-07,1.5703953000533017e-09,7.435860922168075e-06,9.805966509510747e-11,175.9291885845946,0.1290322580524631,3958.3607029720706,0.005851419242117325
14,10,0.14285714285714285,3.4083444010610144e-07,1.5706656227545684e-09,7.437016612302152e-06,9.807490564205793e-11,175.92918858475807,0.12903225805258295,3958.3607029868845,0.0058514192421103145
14,11,0.14285714285714285,4.2295737332269067e-07,1.9491123196403416e-09,8.252363371659673e-06,1.0882720870364718e-10,175.92918872075276,0.12903225777886676,3958.3607060691197,0.00585141923790192
14,12,0.14285714285714285,3.40834440106088e-07,1.5706656227545063e-09,7.437016554148889e-06,9.807490487516764e-11,175.92918858475807,0.12903225805258292,3958.3607029868845,0.0058514192421103145
14,13,0.14285714285714285,3.4083444010608805e-07,1.5706656227545065e-09,7.4370165545584385e-06,9.807490488056853e-11,175.92918858475807,0.12903225805258292,3958.3607029868845,0.0058514192421103145
14,14,0.14285714285714285,3.4083444010608805e-07,1.5706656227545065e-09,7.437016554786657e-06,9.807490488357814e-11,175.92918858475807,0.12903225805258295,3958.3607029868845,0.0058514192421103145
14,15,0.14285714285714285,3.4083444010608826e-07,1.5706656227545076e-09,7.437016559076367e-06,9.807490494014826e-11,175.92918858475693,0.12903225805258206,3958.360702986737,0.005851419242110791
14,16,0.14285714285714285,3.4083967490474597e-07,1.5706897462506283e-09,7.437213709419427e-06,9.807750484039064e-11,175.92918858469383,0.12903225805253582,3958.360702986737,0.005851419242110789
14,17,0.14285714285714285,3.4083444618690316e-07,1.570665650776696e-09,7.437017560843874e-06,9.807491815085611e-11,175.9291885847581,0.12903225805258292,3958.3607029868845,0.0058514192421103145
14,18,0.14285714285714285,3.4083444232305565e-07,1.5706656329709473e-09,7.43701736504098e-06,9.80749155687252e-11,175.9291885847581,0.12903225805258292,3958.3607029868845,0.0058514192421103145
14,19,0.14285714285714285,3.4083444010608805e-07,1.5706656227545065e-09,7.437016556252792e-06,9.807490490291266e-11,175.92918858475807,0.12903225805258292,3958.3607029868845,0.0058514192421103145
14,20,0.14285714285714285,3.4083378787581363e-07,1.570662617085039e-09,7.436998421411973e-06,9.807466575153048e-11,175.92918858492328,0.1290322580527041,3958.360702990172,0.005851419242108947
13,2,0.15384615384615385,0.6420674472723711,0.0031864389474954035,11.321052552021708,0.00017225884723612544,163.26856967706723,0.12649066399855483,3410.2467680609225,0.005815712713636939
13,3,0.15384615384615385,0.05202020695536286,0.0002581647990464511,1.0910653713872482,1.6601430147134087e-05,163.36228449606674,0.12896580916521896,3413.347457656679,0.005875980091451179
13,4,0.15384615384615385,0.003163964768596546,1.5702058420791625e-05,0.05523304576980649,8.404148598310277e-07,163.36281616685508,0.12903225662713436,3413.2051479589027,0.005877711004227432
13,5,0.15384615384615385,0.0001536994219861558,7.627762885422533e-07,0.003205701866791824,4.8777311616457566e-08,163.36281796551356,0.1290322580478063,3413.2056443227584,0.005877490420473538
13,6,0.15384615384615385,6.206701543258704e-06,3.080248907951512e-08,0.00010887185152718035,1.6565720858866242e-09,163.36281797230976,0.12903224168720817,3413.204789603066,0.005877485389957446
13,7,0.15384615384615385,3.706848994017188e-07,1.8396272941727119e-09,7.521200893085726e-06,1.1444107248163052e-10,163.3628179773114,0.1290322578059471,3413.204782849332,0.005877485765879296
13,8,0.15384615384615385,3.116243488979501e-07,1.5465228248755873e-09,6.334469307601732e-06,9.638400455841289e-11,163.36281797264064,0.12903225805343563,3413.2047822625022,0.0058774857714296545
13,9,0.15384615384615385,3.111783581282961e-07,1.5443094711778003e-09,6.326435922534482e-06,9.626177019506817e-11,163.36281797518402,0.12903225804763782,3413.2047822806358,0.005877485771126538
13,10,0.15384615384615385,3.111579139200187e-07,1.5442080110869912e-09,6.326008975237223e-06,9.625527385129461e-11,163.3628179750637,0.129032258048019,3413.204782282679,0.005877485771140417
13,11,0.15384615384615385,3.992815834141583e-07,1.9815463216729515e-09,7.139976207327416e-06,1.086404347224715e-10,163.36281809801653,0.12903225777391755,3413.2047849025976,0.005877485766982482
13,12,0.15384615384615385,3.1115791517383847e-07,1.544208017309422e-09,6.326009001605593e-06,9.62552742525104e-11,163.36281797507425,0.12903225804790713,3413.2047822826826,0.005877485771140403
13,13,0.15384615384615385,3.1115832867000387e-07,1.544210069399575e-09,6.326026822476787e-06,9.625554541128425e-11,163.36281797507425,0.12903225804790716,3413.204782282679,0.005877485771140417
13,14,0.15384615384615385,3.1115791517383847e-07,1.544208017309422e-09,6.326009003726009e-06,9.625527428477422e-11,163.362817975069,0.1290322580479629,3413.204782282679,0.005877485771140417
13,15,0.15384615384615385,3.1114616713022866e-07,1.5441497143634088e-09,6.325862262857303e-06,9.625304150537765e-11,163.3628179750724,0.12903225804795024,3413.2047822827194,0.005877485771139981
13,16,0.15384615384615385,3.111447007525893e-07,1.5441424370550175e-09,6.3257165103590355e-06,9.625082376482588e-11,163.36281797506078,0.12903225804798138,3413.2047822826385,0.005877485771140853
13,17,0.15384615384615385,3.1115428053769614e-07,1.5441899794129157e-09,6.325890936981564e-06,9.625347780505632e-11,163.36281797507272,0.129032258047942,3413.2047822829713,0.005877485771138896
13,18,0.15384615384615385,3.111549264899116e-07,1.5441931851311098e-09,6.325942501103742e-06,9.62542623943164e-11,163.36281797506902,0.1290322580479629,3413.204782282682,0.005877485771140403
13,19,0.15384615384615385,3.1115791517383847e-07,1.544208017309422e-09,6.326009003023202e-06,9.625527427408045e-11,163.3628179750745,0.12903225804790686,3413.204782282679,0.005877485771140416
13,20,0.15384615384615385,3.1115776563217635e-07,1.5442072751671775e-09,6.32599185600572e-06,9.625501336852849e-11,163.36281797507502,0.1290322580479063,3413.204782282679,0.005877485771140417
12,2,0.16666666666666666,0.6957400277457543,0.003740537805935873,11.71558591917199,0.00021953144315558959,150.6776060621504,0.1260692857823161,2904.1983290903063,0.005915319823800156
12,3,0.16666666666666666,0.06099118704643725,0.0003279096097364035,1.1766382893557625,2.2048329764854898e-05,150.79565574621154,0.12894107640331792,2908.5410161271343,0.005994908038810761
12,4,0.16666666666666666,0.004018059096315837,2.160246838887679e-05,0.06812305345655163,1.276517652694499e-06,150.7964442137756,0.12903225536184745,2908.4013422557623,0.005996949660664223
12,5,0.16666666666666666,0.00021142690753217652,1.1367038107303153e-06,0.0039687346338148095,7.43677736370963e-08,150.7964473190971,0.1290322580189833,2908.396317288529,0.005996668144199405
12,6,0.16666666666666666,9.218890857767249e-06,4.956392963906972e-08,0.00015668761855228174,2.9360767154722076e-09,150.7964473705349,0.12903223204043598,2908.3963200457556,0.005996667223664315
12,7,0.16666666666666666,4.7421992993396444e-07,2.5495695310123393e-09,8.957129143395682e-06,1.6784235128716625e-10,150.79644735694524,0.12903225758455925,2908.3963205444625,0.005996667867236984
12,8,0.16666666666666666,3.2980657390869146e-07,1.7731536337628412e-09,6.404367062173335e-06,1.2000765077880144e-10,150.79644735938902,0.12903225805345991,2908.3963205449763,0.00599666787939746
12,9,0.16666666666666666,3.290233071104572e-07,1.7689425219192083e-09,6.376906505819556e-06,1.1949308363655247e-10,150.79644734450892,0.1290322580407275,2908.3963202678565,0.005996667878860049
12,10,0.16666666666666666,3.29516563060512e-07,1.7715944356450304e-09,6.392575340622416e-06,1.1978669267502227e-10,150.79644734448655,0.12903225804070834,2908.3963202678565,0.005996667878874146
12,11,0.16666666666666666,4.0354103468843145e-07,2.1695754682813256e-09,7.018479733290875e-06,1.315151453147722e-10,150.79644745811385,0.12903225779320923,2908.3963227106524,0.005996667874084513
12,12,0.16666666666666666,3.295165630598031e-07,1.771594435641219e-09,6.392574781903723e-06,1.1978668220552276e-10,150.79644734448655,0.12903225804070828,2908.3963202678565,0.005996667878873931
12,13,0.16666666666666666,3.295165630598031e-07,1.771594435641219e-09,6.392574784471481e-06,1.1978668225363846e-10,150.79644734448655,0.12903225804070834,2908.3963202678565,0.005996667878873931
12,14,0.16666666666666666,3.295165630598031e-07,1.771594435641219e-09,6.392574784793157e-06,1.1978668225966618e-10,150.79644734448655,0.12903225804070834,2908.3963202678565,0.005996667878873931
12,15,0.16666666666666666,3.295165630598034e-07,1.7715944356412208e-09,6.392574793919009e-06,1.197866824306701e-10,150.79644734448655,0.12903225804070836,2908.3963202678565,0.005996667878873929
12,16,0.16666666666666666,3.295083085941074e-07,1.7715500567931275e-09,6.3923356441760735e-06,1.1978220114492315e-10,150.79644734448638,0.12903225804070817,2908.396320267745,0.005996667878874588
12,17,0.16666666666666666,3.2951696513869477e-07,1.7715965973557033e-09,6.392599813545348e-06,1.1978715125866687e-10,150.7964473444866,0.12903225804070842,2908.396320267912,0.005996667878873648
12,18,0.16666666666666666,3.2951673024564914e-07,1.771595334489859e-09,6.392584004838507e-06,1.1978685502864892e-10,150.79644734448655,0.12903225804070834,2908.3963202678565,0.005996667878873927
12,19,0.16666666666666666,3.2951656305980315e-07,1.7715944356412193e-09,6.39257478625364e-06,1.197866822870333e-10,150.79644734448655,0.12903225804070834,2908.3963202678565,0.00599666787887393
12,20,0.16666666666666666,3.2951656305980336e-07,1.7715944356412204e-09,6.392574792474128e-06,1.1978668240359535e-10,150.79644734448655,0.12903225804070834,2908.3963202678565,0.005996667878873929
11,2,0.18181818181818182,0.7591368521505579,0.004452415561369846,11.368420577115943,0.00024174669922373768,138.0773961721057,0.1255364446543285,2440.2662438996513,0.005794103814940488
11,3,0.18181818181818182,0.07249109390086743,0.0004251677067587973,1.285327130597497,2.7332168891616643e-05,138.22886227340524,0.12890374456133882,2443.947075286623,0.00588024299335343
11,4,0.18181818181818182,0.005208816341143159,3.055024251282661e-05,0.07754364319364872,1.6489467169768878e-06,138.23007102285447,0.12903225271103258,2443.7322112772913,0.005883707933895721
11,5,0.18181818181818182,0.0002990689708651996,1.7540702128092585e-06,0.005268935145292779,1.1204262466876568e-07,138.2300767221939,0.1290322580311384,2443.741572929771,0.005883281996537776
11,6,0.18181818181818182,1.4305399143136275e-05,8.39026343880808e-08,0.00021415319893771786,4.553915701853062e-09,138.2300767488277,0.129032215191676,2443.7401024671217,0.005883268083056629
11,7,0.18181818181818182,6.548569717568306e-07,3.84080335879068e-09,1.1212121858024597e-05,2.384230449679047e-10,138.23007674571951,0.1290322571302377,2443.7401001345897,0.005883269112226061
11,8,0.18181818181818182,2.7029675187202396e-07,1.5853181950176768e-09,4.717169934460049e-06,1.0030947162780549e-10,138.23007674001707,0.12903225804777563,2443.7400990879178,0.00588326913544796
11,9,0.18181818181818182,2.688592127983535e-07,1.5768868807907945e-09,4.692992602380686e-06,9.979534654010533e-11,138.2300767457929,0.1290322580531649,2443.7400991608697,0.005883269134173645
11,10,0.18181818181818182,2.6896123179050447e-07,1.5774852326517555e-09,4.695570240419775e-06,9.985015938622729e-11,138.23007674601604,0.12903225805337543,2443.740099165165,0.005883269134157381
11,11,0.18181818181818182,3.399080467635692e-07,1.993595584982605e-09,5.253593664837876e-06,1.1171639181733126e-10,138.23007684393906,0.12903225779899433,2443.740100974353,0.005883269130052464
11,12,0.18181818181818182,2.6899747832674963e-07,1.5776978223074501e-09,4.696118776670424e-06,9.986182387621511e-11,138.23007674601604,0.1290322580533754,2443.740099165165,0.005883269134157383
11,13,0.18181818181818182,2.6899693381738693e-07,1.5776946287041454e-09,4.696088722822753e-06,9.986118478845228e-11,138.23007674601604,0.1290322580533754,2443.740099165165,0.005883269134157384
11,14,0.18181818181818182,2.6899746682666705e-07,1.5776977548582852e-09,4.696118552976565e-06,9.986181911941958e-11,138.23007674601604,0.12903225805337543,2443.740099165165,0.005883269134157383
11,15,0.18181818181818182,2.6897933964679563e-07,1.5775914370876295e-09,4.695843716929372e-06,9.985597479770524e-11,138.23007674601834,0.1290322580533776,2443.7400991651643,0.005883269134157382
11,16,0.18181818181818182,2.6899847416985674e-07,1.5777036630294942e-09,4.69614617812499e-06,9.98624065614835e-11,138.23007674599157,0.1290322580533518,2443.7400991646814,0.005883269134159364
11,17,0.18181818181818182,2.68996254166361e-07,1.5776906424811137e-09,4.69608081631697e-06,9.986101665852936e-11,138.23007674603838,0.12903225805339594,2443.7400991656336,0.005883269134155678
11,18,0.18181818181818182,2.6899736263372644e-07,1.5776971437559934e-09,4.696116543199511e-06,9.986177638199923e-11,138.23007674601604,0.1290322580533754,2443.740099165165,0.005883269134157383
11,19,0.18181818181818182,2.689974668266671e-07,1.5776977548582856e-09,4.696118553554584e-06,9.986181913171103e-11,138.23007674601604,0.12903225805337543,2443.740099165165,0.005883269134157383
11,20,0.18181818181818182,2.689600743004462e-07,1.5774784438537502e-09,4.695526829039364e-06,9.984923625377879e-11,138.23007674601743,0.12903225805337667,2443.740099165398,0.005883269134157661
10,2,0.2,0.8351018950573988,0.005387754167310818,11.351509324212264,0.0002953128252605098,125.46321563971782,0.12485062060021636,2019.9673390723458,0.005792396559847851
10,3,0.2,0.08756274653687177,0.0005649209459916097,1.4102594314147197,3.668831035121066e-05,125.66176830436697,0.12884531590782192,2018.770551904375,0.005896865363837174
10,4,0.2,0.0069193212194297365,4.4640782107652154e-05,0.09431859165237602,2.453725665894072e-06,125.66369505875922,0.12903224668254265,2019.450731866473,0.005902778343383745
10,5,0.2,0.0004369598063201087,2.8190955276022703e-06,0.006993189563803715,1.819298657724972e-07,125.66370608806827,0.12903225800750429,2019.4473081795609,0.0059021604955206775
10,6,0.2,2.2977439476166396e-05,1.4824154516298722e-07,0.0003142178488758103,8.174468966948127e-09,125.6637061415685,0.1290321843751558,2019.4498881638963,0.005902140723845953
10,7,0.2,9.99994986356397e-07,6.451580563903868e-09,1.535500557921604e-05,3.994649477860384e-10,125.66370612234869,0.12903225610801194,2019.449887158972,0.0059021425294434405
10,8,0.2,2.8498293553914537e-07,1.8385995860516724e-09,4.568330707542715e-06,1.1884645551858389e-10,125.66370613803305,0.12903225805880844,2019.4498924824968,0.005902142587448554
10,9,0.2,2.7968652224820826e-07,1.804429177687211e-09,4.475831151686401e-06,1.164400525993698e-10,125.66370614219751,0.12903225805425558,2019.449892530078,0.005902142584774111
10,10,0.2,2.802087771561955e-07,1.8077985641938883e-09,4.4833018601693756e-06,1.1663440525907286e-10,125.6637061407375,0.12903225805435253,2019.4498924968084,0.005902142584783214
10,11,0.2,3.465355133864101e-07,2.2357129919343526e-09,4.970365890713375e-06,1.2930551804545128e-10,125.6637062240195,0.12903225781088656,2019.449893985851,0.005902142580855229
10,12,0.2,2.8020877713762507e-07,1.8077985640740789e-09,4.483300159749379e-06,1.166343610221508e-10,125.66370614073762,0.12903225805435156,2019.4498924968084,0.005902142584783228
10,13,0.2,2.8020877713762507e-07,1.8077985640740789e-09,4.483300159368873e-06,1.1663436101225183e-10,125.66370614073762,0.12903225805435156,2019.4498924968084,0.005902142584783228
10,14,0.2,2.8020877713762507e-07,1.8077985640740789e-09,4.483300160153735e-06,1.1663436103267024e-10,125.66370614073762,0.1290322580543515,2019.4498924968084,0.005902142584783228
10,15,0.2,2.802087771376253e-07,1.8077985640740803e-09,4.483300163535643e-06,1.1663436112065157e-10,125.66370614073762,0.1290322580543515,2019.4498924968084,0.005902142584783228
10,16,0.2,2.8022905592241155e-07,1.8079293949438064e-09,4.483534435016047e-06,1.1664045576152973e-10,125.66370614073745,0.12903225805435278,2019.4498924968084,0.005902142584783227
10,17,0.2,2.80215547911193e-07,1.8078422464842404e-09,4.483414103677862e-06,1.1663732530667724e-10,125.66370614073783,0.12903225805434967,2019.449892496814,0.005902142584781865
10,18,0.2,2.802072856078751e-07,1.8077889413014883e-09,4.483287623952939e-06,1.1663403489975088e-10,125.66370614073765,0.12903225805435137,2019.4498924968084,0.005902142584783228
10,19,0.2,2.8020877713762507e-07,1.8077985640740789e-09,4.483300158916498e-06,1.1663436100048314e-10,125.66370614073762,0.1290322580543515,2019.4498924968084,0.005902142584783228
10,20,0.2,2.8021722004402393e-07,1.8078530344379997e-09,4.483428355873949e-06,1.166376960817145e-10,125.66370614073762,0.12903225805435153,2019.4498924968084,0.005902142584783228
9,2,0.2222222222222222,0.9276440218419202,0.006649777922973953,11.439650605102967,0.0003637758600999819,112.82716540848023,0.12395034470856878,1630.2896182051218,0.0057427351478893576
9,3,0.2222222222222222,0.10784386538406539,0.0007730743025058166,1.5616326106175875,4.965923048682829e-05,113.094094561762,0.1287498510370977,1636.204932731274,0.00586642188237595
9,4,0.2222222222222222,0.009466295862837936,6.785875158883574e-05,0.11664934292141468,3.709397823077431e-06,113.09731258589576,0.129032231888563,1635.8196019029265,0.005873802273851829
9,5,0.2222222222222222,0.0006643808067663275,4.762586420284415e-06,0.009546128199026825,3.035626800242137e-07,113.09733540233321,0.12903225791973724,1635.8449933834393,0.005872957391954612
9,6,0.2222222222222222,3.8823178014991946e-05,2.783023508858177e-07,0.00048164138122757836,1.531598418203862e-08,113.09733552195989,0.12903212507503958,1635.8408730045185,0.005872912387031702
9,7,0.2222222222222222,1.9483346743058423e-06,1.3966556781165208e-08,2.7622844163058975e-05,8.783943007264685e-10,113.0973355126249,0.1290322536221173,1635.840878695891,0.005872915524150475
9,8,0.2222222222222222,2.3624210596776205e-07,1.6934917961547583e-09,3.3396153813924646e-06,1.06198300953986e-10,113.0973355197485,0.1290322580536958,1635.8408748352674,0.0058729156315801235
9,9,0.2222222222222222,2.2362257167974087e-07,1.6030291849258612e-09,3.109715516906642e-06,9.88875863327813e-11,113.09733551791555,0.12903225805160462,1635.8408747415294,0.005872915625246597
9,10,0.2222222222222222,2.2325284820584062e-07,1.6003788374472398e-09,3.1078947447801105e-06,9.88296865796123e-11,113.09733551669297,0.12903225805020976,1635.840874712109,0.005872915625136819
9,11,0.2222222222222222,2.8142680737772837e-07,2.0173964652061015e-09,3.469642311457725e-06,1.1033310016713246e-10,113.09733558716844,0.12903225782837807,1635.8408757695606,0.005872915621704628
9,12,0.2222222222222222,2.2325049959888734e-07,1.6003620015551304e-09,3.107864009384598e-06,9.882870920754702e-11,113.0973355168884,0.12903225805043272,1635.8408747142184,0.0058729156251526755
9,13,0.2222222222222222,2.2325049959888723e-07,1.6003620015551296e-09,3.1078640083746323e-06,9.882870917543055e-11,113.0973355168884,0.12903225805043272,1635.8408747142184,0.0058729156251526755
9,14,0.2222222222222222,2.232504911974706e-07,1.6003619413299207e-09,3.107863113776065e-06,9.88286807275894e-11,113.0973355168884,0.12903225805043275,1635.8408747142184,0.0058729156251526755
9,15,0.2222222222222222,2.232504893954956e-07,1.6003619284125374e-09,3.10786270849884e-06,9.88286678399518e-11,113.09733551690154,0.1290322580504477,1635.8408747146868,0.005872915625150141
9,16,0.2222222222222222,2.2322932055710184e-07,1.600210180467322e-09,3.1076616973448163e-06,9.882227577362314e-11,113.09733551688689,0.129032258050431,1635.8408747141298,0.005872915625156576
9,17,0.2222222222222222,2.2325235273201185e-07,1.600375285663527e-09,3.1078934526706814e-06,9.88296454911005e-11,113.0973355169138,0.12903225805046004,1635.8408747149792,0.005872915625146975
9,18,0.2222222222222222,2.2325244520918928e-07,1.6003759485823605e-09,3.107898797060823e-06,9.882981544035748e-11,113.09733551691363,0.1290322580504598,1635.8408747149854,0.005872915625146953
9,19,0.2222222222222222,2.2325147273835964e-07,1.600368977465314e-09,3.107881625026657e-06,9.882926937722023e-11,113.0973355168884,0.12903225805043275,1635.8408747142184,0.0058729156251526755
9,20,0.2222222222222222,2.2325049959888737e-07,1.6003620015551304e-09,3.107864010235164e-06,9.882870923459463e-11,113.09733551688903,0.12903225805043347,1635.8408747142184,0.0058729156251526755
8,2,0.25,1.0425159500013466,0.008407386685294468,12.416231766481191,0.0005599030583856594,100.15541277623609,0.12274323156234372,1285.764745275352,0.005799854540634511
8,3,0.25,0.13601941162894116,0.0010969307378647494,1.796269585096242,8.100177681086854e-05,100.52522515420996,0.1285856034078314,1292.8512412901412,0.005971104810025259
8,4,0.25,0.013427954534800304,0.00010828995581935577,0.16464937714478542,7.424771988674435e-06,100.5309133062063,0.12903219182439943,1292.6441926911943,0.005982569704415691
8,5,0.25,0.001060467172503141,8.552154608553723e-06,0.013579090886570657,6.123415429480549e-07,100.53096458904672,0.1290322576463151,1292.621788429337,0.005981262091275325
8,6,0.25,6.973612967322269e-05,5.623881419731407e-07,0.0008690309725371922,3.9188467846499826e-08,100.53096491550072,0.12903200419048905,1292.6215055014002,0.005981237169748597
8,7,0.25,3.9565866321980695e-06,3.190795667990802e-08,5.0420798855700356e-05,2.2736978510474032e-09,100.53096489506183,0.12903224689799964,1292.621462157121,0.005981244790115061
8,8,0.25,2.6881100505750573e-07,2.167830683816567e-09,3.5743849028510658e-06,1.6118489704392966e-10,100.53096491903914,0.1290322580698629,1292.6214585950147,0.005981245088113333
8,9,0.25,1.9271672251331598e-07,1.5541671155150658e-09,2.436905854340354e-06,1.0989091267823262e-10,100.5309649307938,0.1290322580608248,1292.6214586789908,0.005981245077314134
8,10,0.25,1.9137292177526552e-07,1.5433300127995056e-09,2.437245957878618e-06,1.0990624945792738e-10,100.53096494452149,0.12903225804412838,1292.6214588977946,0.0059812450777493855
8,11,0.25,2.494379493415933e-07,2.0115963636805355e-09,2.7841582702848195e-06,1.2555006703164857e-10,100.53096499954762,0.12903225784564656,1292.6214599435177,0.005981245073243064
8,12,0.25,1.9136889174619293e-07,1.5432975125650812e-09,2.4376347298801306e-06,1.0992378091487467e-10,100.53096494451923,0.12903225804431917,1292.621458897413,0.0059812450777759485
8,13,0.25,1.9136889174618407e-07,1.5432975125650096e-09,2.437634693533192e-06,1.0992377927582972e-10,100.53096494451972,0.12903225804427215,1292.6214588974515,0.005981245077769496
8,14,0.25,1.9136889174618407e-07,1.5432975125650096e-09,2.4376346939270713e-06,1.0992377929359148e-10,100.53096494451923,0.12903225804431917,1292.6214588974128,0.005981245077775958
8,15,0.25,1.9136889174618475e-07,1.5432975125650152e-09,2.4376347020123324e-06,1.0992377965819184e-10,100.53096494451923,0.12903225804431917,1292.6214588974128,0.005981245077775956
8,16,0.25,1.9136005020677523e-07,1.5432262098279118e-09,2.437528477512609e-06,1.099189895235206e-10,100.53096494451906,0.12903225804431973,1292.621458897338,0.005981245077776274
8,17,0.25,1.9149102315811877e-07,1.5442824433054504e-09,2.4381258079413836e-06,1.0994592580662388e-10,100.53096494451935,0.12903225804431864,1292.621458897467,0.005981245077775764
8,18,0.25,1.9136458642893232e-07,1.5432627922646267e-09,2.4373684045059644e-06,1.099117711204116e-10,100.53096494451972,0.12903225804427215,1292.6214588974517,0.00598124507776949
8,19,0.25,1.9136889174618412e-07,1.5432975125650103e-09,2.43763469519091e-06,1.099237793505836e-10,100.53096494451923,0.12903225804431917,1292.6214588974128,0.005981245077775958
8,20,0.25,1.9136889174618462e-07,1.5432975125650142e-09,2.4376347007761704e-06,1.099237796024478e-10,100.53096494451923,0.1290322580443192,1292.6214588974128,0.005981245077775956
7,2,0.2857142857142857,1.1880191171424248,0.010949484937731006,11.537263401708183,0.0006077499943755999,87.42234021597797,0.12109066482363982,981.0083320874036,0.005652681412928962
7,3,0.2857142857142857,0.17672788231988576,0.001628828406560651,1.9825333765033972,0.00010443418048694165,87.95368147188925,0.1282846680841835,989.8373333548095,0.0058433632482007974
7,4,0.2857142857142857,0.019933957888833148,0.00018372311396650364,0.19456654980211116,1.024920862345965e-05,87.96446541109741,0.12903206900103414,989.5368678162514,0.005862200829488964
7,5,0.2857142857142857,0.001799370464057021,1.658405955703861e-05,0.01997973604005497,1.0524752745240747e-06,87.96459329718786,0.129032256592771,989.5499704977476,0.005860331728710536
7,6,0.2857142857142857,0.00013526399940399798,1.2466728040991402e-06,0.0013324948915092998,7.019201474592247e-08,87.96459428494362,0.12903174193837535,989.5412110227861,0.00586014700789288
7,7,0.2857142857142857,8.703203967856576e-06,8.021386136046654e-08,9.53977209840933e-05,5.02527873143155e-09,87.96459428725284,0.12903222660620584,989.5410007647552,0.005860158162197001
7,8,0.2857142857142857,5.212440718124633e-07,4.804092822108959e-09,5.114589328890941e-06,2.69421918148003e-10,87.96459428965858,0.1290322580485924,989.5409857750072,0.005860158894137144
7,9,0.2857142857142857,1.737250465351101e-07,1.6011525007427658e-09,1.9295041609377508e-06,1.016407532815792e-10,87.96459429215108,0.12903225805224852,989.540984935242,0.005860158854972014
7,10,0.2857142857142857,1.704924917876898e-07,1.5713593694652105e-09,1.881261433519066e-06,9.909946456375135e-11,87.96459428885323,0.12903225804741106,989.5409849222635,0.005860158852899499
7,11,0.2857142857142857,2.1373528932311603e-07,1.9699104983547783e-09,2.08764958645035e-06,1.0997140138410745e-10,87.96459433064285,0.12903225787647415,989.5409853662658,0.0058601588503156
7,12,0.2857142857142857,1.7030590799483122e-07,1.5696397031736075e-09,1.878360337377444e-06,9.894664312747444e-11,87.96459428746772,0.12903225804537866,989.5409849021487,0.005860158852961182
7,13,0.2857142857142857,1.7030590799476277e-07,1.5696397031729768e-09,1.8783602915373032e-06,9.894664071274712e-11,87.96459428746772,0.12903225804537868,989.5409849021487,0.005860158852961182
7,14,0.2857142857142857,1.7030590799476272e-07,1.5696397031729762e-09,1.8783602905516692e-06,9.894664066082674e-11,87.96459428746772,0.12903225804537863,989.5409849021487,0.005860158852961182
7,15,0.2857142857142857,1.7030590799476287e-07,1.5696397031729776e-09,1.8783602918368975e-06,9.894664072852889e-11,87.96459428746772,0.12903225804537868,989.5409849021487,0.005860158852961182
7,16,0.2857142857142857,1.703026756575806e-07,1.569609912046909e-09,1.8782526500441432e-06,9.894097046716245e-11,87.96459428746765,0.1290322580453785,989.5409849021488,0.0058601588529611824
7,17,0.2857142857142857,1.703059903022174e-07,1.5696404617670277e-09,1.878367002721587e-06,9.8946994238715e-11,87.96459428746772,0.12903225804537868,989.5409849021487,0.005860158852961182
7,18,0.2857142857142857,1.703058409916903e-07,1.569639085633139e-09,1.8783599246761332e-06,9.894662138755133e-11,87.96459428746772,0.12903225804537866,989.5409849021488,0.0058601588529611824
7,19,0.2857142857142857,1.7030590799476272e-07,1.5696397031729762e-09,1.878360290191787e-06,9.894664064186917e-11,87.96459428746772,0.12903225804537868,989.5409849021487,0.005860158852961182
7,20,0.2857142857142857,1.7030590799476285e-07,1.5696397031729774e-09,1.8783602920372549e-06,9.894664073908314e-11,87.96459428746843,0.12903225804537957,989.5409849021487,0.005860158852961182
6,2,0.3333333333333333,1.3757010456746261,0.01479248429084003,11.532503738755015,0.0008537338117042189,74.57710121701766,0.1187965774089723,725.6980711851475,0.005440093493640655
6,3,0.3333333333333333,0.2385029887725526,0.0025645482540185677,2.2848084865042213,0.00016914091704495508,75.37552325024402,0.12768895154244597,724.0447777143155,0.005672924747057525
6,4,0.3333333333333333,0.03138359410060498,0.0003374579994562998,0.26607160995444645,1.969687891705033e-05,75.39785567760042,0.12903162827547776,726.8596280927829,0.005719387742513692
6,5,0.3333333333333333,0.003306312906954967,3.555175151644145e-05,0.031482211300317475,2.3305804934600618e-06,75.39821979810867,0.12903225141073335,726.7924213277097,0.0057159443287155155
6,6,0.3333333333333333,0.0002901333779611104,3.119713726490219e-06,0.0024631724881305867,1.82344934353666e-07,75.39822364109236,0.12903114055726045,726.8166484887906,0.005715605862163178
6,7,0.3333333333333333,2.178161942265942e-05,2.3421096040582036e-07,0.00020437465319700644,1.5129546509771537e-08,75.3982236873092,0.12903215522413566,726.8163272056483,0.005715630090085321
6,8,0.3333333333333333,1.462974593922003e-06,1.57309095362916e-08,1.2515330472030064e-05,9.264909884848349e-10,75.3982236690539,0.12903225803525023,726.816436976064,0.005715633122904586
6,9,0.3333333333333333,1.4429498984787008e-07,1.5515590231486795e-09,1.3276221227730128e-06,9.828185804691619e-11,75.39822367937207,0.1290322580529082,726.8164359546092,0.005715633012346234
6,10,0.3333333333333333,1.4000437561568683e-07,1.5054233864657103e-09,1.2822116286644182e-06,9.492018784026186e-11,75.39822366450238,0.12903225802746104,726.81643615493,0.005715633003587406
6,11,0.3333333333333333,1.7166931506006308e-07,1.8459066046576667e-09,1.4328624399914782e-06,1.0607263958050025e-10,75.39822369558098,0.12903225794064369,726.8164364390421,0.005715633001559268
6,12,0.3333333333333333,1.395795015673514e-07,1.5008548483335716e-09,1.2838318849582254e-06,9.504013296345323e-11,75.3982236673087,0.12903225803226356,726.8164361359695,0.005715633003896765
6,13,0.3333333333333333,1.3957943127469343e-07,1.5008540924985434e-09,1.2838269298508502e-06,9.503976614434761e-11,75.39822366730475,0.12903225803225682,726.8164361359695,0.005715633003896784
6,14,0.3333333333333333,1.3957943127468745e-07,1.500854092498479e-09,1.2838269132142369e-06,9.50397649127643e-11,75.39822366730475,0.12903225803225685,726.8164361359694,0.005715633003896785
6,15,0.3333333333333333,1.3957943127468782e-07,1.500854092498483e-09,1.2838269159534146e-06,9.503976511554147e-11,75.39822366730475,0.12903225803225685,726.8164361359694,0.005715633003896784
6,16,0.3333333333333333,1.395794183222327e-07,1.5008539532247728e-09,1.2838262388387386e-06,9.503971498976598e-11,75.3982236673041,0.12903225803225568,726.8164361359695,0.005715633003896785
6,17,0.3333333333333333,1.3957943138772434e-07,1.5008540937139296e-09,1.2838269389481276e-06,9.50397668178053e-11,75.39822366730476,0.12903225803225682,726.8164361359695,0.005715633003896785
6,18,0.3333333333333333,1.3957943127468943e-07,1.5008540924985003e-09,1.283826920875635e-06,9.5039765479926e-11,75.39822366730475,0.12903225803225682,726.8164361359694,0.005715633003896784
6,19,0.3333333333333333,1.395794312746874e-07,1.5008540924984784e-09,1.2838269128186617e-06,9.503976488348046e-11,75.39822366730473,0.12903225803225676,726.8164361359695,0.005715633003896786
6,20,0.3333333333333333,1.3957943127468774e-07,1.5008540924984821e-09,1.2838269165081432e-06,9.50397651566072e-11,75.39822366730674,0.12903225803226023,726.8164361359695,0.005715633003896786
5,2,0.4,1.6186002538040118,0.02088516457417379,11.529449845939618,0.0011965151398857013,61.50977813342085,0.11566224878503166,490.975400683992,0.005494315959642169
5,3,0.4,0.3382909072631568,0.004365043966558706,2.677473999797501,0.0002778656588316116,62.778795952751096,0.12639256806073465,505.62948997593077,0.005830362322876597
5,4,0.4,0.05344980308975292,0.0006896748788733604,0.3844514740998239,3.9898001679049406e-05,62.83059774532798,0.1290296801108057,504.6471573162102,0.0059010264045827885
5,5,0.4,0.00676264068729751,8.725987987353556e-05,0.052789682864452084,5.478462166113359e-06,62.83183381333511,0.12903221851510677,504.8309758593467,0.005897104644749488
5,6,0.4,0.0007128021330960854,9.197446882605309e-06,0.005182554449244051,5.378404819538156e-07,62.831852860334926,0.12902976733973887,504.8042357685887,0.005895840600944671
5,7,0.4,6.438386920574988e-05,8.307596030112727e-07,0.0004963464716371691,5.151035616429464e-08,62.83185306265284,0.12903185025346367,504.80406885204263,0.005895897383506813
5,8,0.4,5.078514616136239e-06,6.552922088148598e-08,3.7144103894102945e-05,3.8547791317582665e-09,62.831853072966304,0.12903225806691979,504.80399445616376,0.005895907686895101
5,9,0.4,4.028833269142523e-07,5.1984945430594634e-09,3.17788397466387e-06,3.297977214259337e-10,62.83185306898648,0.12903225805874677,504.8039866400658,0.005895907354215672
5,10,0.4,1.1310185529891387e-07,1.4593787786766447e-09,8.77866598720092e-07,9.11041454886482e-11,62.831853067136755,0.12903225800065482,504.803987247857,0.005895907301789741
5,11,0.4,1.1306643978162997e-07,1.458921804259882e-09,8.179537464358778e-07,8.488644769823334e-11,62.83185308571497,0.12903225795385062,504.8039873856093,0.005895907301705459
5,12,0.4,1.0184343577337888e-07,1.314108849252575e-09,7.768023680471006e-07,8.061579750006471e-11,62.831853071512974,0.12903225803759943,504.8039872704984,0.005895907303215055
5,13,0.4,1.0187829796667239e-07,1.3145586840049426e-09,7.773052752592591e-07,8.066798872352689e-11,62.83185307151787,0.12903225803688506,504.80398727060197,0.005895907303188556
5,14,0.4,1.0187829796648128e-07,1.3145586840024765e-09,7.773052282323741e-07,8.06679838431223e-11,62.83185307151787,0.129032258036885,504.803987270602,0.005895907303188558
5,15,0.4,1.0187829796647887e-07,1.3145586840024455e-09,7.773052242214757e-07,8.066798342687515e-11,62.83185307151787,0.129032258036885,504.80398727060197,0.005895907303188557
5,16,0.4,1.0187750022120682e-07,1.3145483905150598e-09,7.772995404798867e-07,8.066739357367719e-11,62.83185307153119,0.12903225803673088,504.8039872709571,0.005895907303178934
5,17,0.4,1.0187829796647886e-07,1.3145586840024453e-09,7.773052242543494e-07,8.066798343028675e-11,62.83185307151787,0.12903225803688503,504.80398727060197,0.005895907303188557
5,18,0.4,1.0187829796647983e-07,1.3145586840024577e-09,7.773052261510639e-07,8.066798362712594e-11,62.83185307151787,0.12903225803688503,504.80398727060197,0.005895907303188557
5,19,0.4,1.0187829796647863e-07,1.3145586840024424e-09,7.773052233248996e-07,8.066798333382935e-11,62.83185307151787,0.12903225803688503,504.80398727060197,0.005895907303188557
5,20,0.4,1.0187674793847635e-07,1.314538683641114e-09,7.772924380364754e-07,8.066665648897797e-11,62.83185307151787,0.129032258036885,504.80398727060197,0.005895907303188557
4,2,0.5,2.4122526098944936,0.056866898606152606,16.13212842784712,0.004872660299559206,44.11321831321066,0.1132393024232161,297.27836137187677,0.005387807584018676
4,3,0.5,0.2654712450678298,0.0062582692684004,1.724063820409342,0.0005207482304141364,50.546628756827154,0.12975396489161273,324.17268793755903,0.006292532224106101
4,4,0.5,0.1382610344675168,0.0032593917386578913,0.9214419283779077,0.00027831873040422446,50.23936383717964,0.12896521116902182,323.19190206054714,0.006312213418720317
4,5,0.5,0.005027513012198856,0.00011851954125083515,0.03183680617531525,9.61621042189549e-06,50.26595357839998,0.12903346743919517,323.0982288409775,0.006328211582439208
4,6,0.5,0.0029527485714470024,6.960865248241261e-05,0.019512465528419665,5.893680834001172e-06,50.265468362948326,0.12903222188375013,323.09442722200595,0.00632935498401128
4,7,0.5,5.4153485728705726e-05,1.2766245000513161e-06,0.0003275989881318186,9.89502774407746e-08,50.265482618512664,0.1290322584780006,323.0971195826976,0.006329988661509376
4,8,0.5,3.3262957029207626e-05,7.841472310826907e-07,0.00021902282187415083,6.615517683341593e-08,50.26548247293065,0.12903225810428934,323.0970512727078,0.006329990081784771
4,9,0.5,3.891412496318983e-07,9.17368931243754e-09,2.4702820980731446e-06,7.461411903475147e-10,50.26548248038421,0.12903225812342276,323.0970480215076,0.0063299930514777066
4,10,0.5,2.843213857326763e-07,6.7026460444903735e-09,1.8432486210391127e-06,5.567476367501958e-10,50.26548246199805,0.12903225807622515,323.097047701507,0.006329993110826848
4,11,0.5,1.3339651583232864e-07,3.144714657633991e-09,8.338981484872418e-07,2.518763980948526e-10,50.265482493503,0.1290322581570989,323.0970480154445,0.006329993152719129
4,12,0.5,1.198604012488026e-07,2.825611735997477e-09,7.698106542150484e-07,2.325189654761477e-10,50.2654824903343,0.12903225814896482,323.0970478216993,0.00632999316060574
4,13,0.5,1.20548334353362e-07,2.841829200928111e-09,7.792655311341601e-07,2.353747822771997e-10,50.26548249031743,0.12903225814892152,323.0970478198572,0.006329993160896801
4,14,0.5,1.2054833434158316e-07,2.8418292006504345e-09,7.792650607278418e-07,2.353746401924028e-10,50.265482490317424,0.12903225814892147,323.09704781985613,0.006329993160897597
4,15,0.5,1.2054833433801328e-07,2.841829200566278e-09,7.792646281078372e-07,2.3537450952084686e-10,50.265482490317424,0.1290322581489215,323.09704781985516,0.006329993160898328
4,16,0.5,1.205575972862263e-07,2.8420475670568615e-09,7.793495563019666e-07,2.354001618234366e-10,50.26548249031639,0.12903225814891883,323.097047819749,0.006329993160926009
4,17,0.5,1.2054833433801313e-07,2.8418292005662743e-09,7.792646279530598e-07,2.3537450947409683e-10,50.26548249031743,0.1290322581489215,323.09704781985516,0.006329993160898329
4,18,0.5,1.2054833433801527e-07,2.8418292005663247e-09,7.792646345160681e-07,2.353745114564335e-10,50.26548249031743,0.1290322581489215,323.09704781985516,0.006329993160898317
4,19,0.5,1.2054833433801265e-07,2.8418292005662627e-09,7.792646246776309e-07,2.3537450848476354e-10,50.26548249031743,0.1290322581489215,323.09704781985516,0.006329993160898335
4,20,0.5,1.2054833433801307e-07,2.841829200566273e-09,7.79264627734328e-07,2.353745094080296e-10,50.26548249031743,0.1290322581489215,323.09704781985516,0.00632999316089833
3,2,0.6666666666666666,2.1925599659843984,0.04715182707675399,9.786514345386847,0.0028755299485912038,33.45146173951146,0.11145320733174433,158.1394542316238,0.005120743654255776
3,3,0.6666666666666666,0.8500939658385903,0.018281590605535324,3.8502559487901324,0.001131304354109116,37.217763742734995,0.1150579701731778,182.30667818749416,0.005408836563448
3,4,0.6666666666666666,0.22613342798951935,0.004863084457554713,1.0294160427868202,0.0003024689441127812,37.66523955724583,0.12834001112019996,180.6164828636217,0.005723168608467137
3,5,0.6666666666666666,0.048077786780937104,0.0010339308952537565,0.21345336442855797,6.271809557313926e-05,37.6975998169523,0.12902708287243198,181.8213383293622,0.005768557942215491
3,6,0.6666666666666666,0.008504915133602577,0.00018290140014576474,0.03880364365948592,1.1401509824579151e-05,37.699065187887584,0.12903209837840646,181.63417018620748,0.0057525752160167394
3,7,0.6666666666666666,0.0012876308960466875,2.76909869244193e-05,0.005737164706344256,1.685726740989235e-06,37.6991107926265,0.12901776577849805,181.62289820536566,0.005751724268266587
3,8,0.6666666666666666,0.00017030782836310377,3.662533931740916e-06,0.000779845425680862,2.2913866956872406e-07,37.69911181235956,0.12903170238999875,181.6219084024836,0.005752064971815102
3,9,0.6666666666666666,1.9997553917823365e-05,4.3005492160754934e-07,8.949426202802544e-05,2.629571894613958e-08,37.69911184701576,0.1290322580779955,181.62129816087608,0.0057520793462428185
3,10,0.6666666666666666,2.104406909463823e-06,4.5256062426376776e-08,9.49830914286803e-06,2.790847837889215e-09,37.69911184193483,0.12903225806060506,181.62133541540146,0.005752074696661841
3,11,0.6666666666666666,1.9287703683962402e-07,4.147893252285796e-09,8.367946842530355e-07,2.458718283620325e-10,37.69911183062769,0.12903225614414882,181.62133239486207,0.005752074444866092
3,12,0.6666666666666666,6.660002802771343e-08,1.4322586627453082e-09,3.1828449924089313e-07,9.352018271663448e-11,37.699111835937764,0.12903225799256146,181.62133278667076,0.005752074495471329
3,13,0.6666666666666666,6.695825566894043e-08,1.4399624829624511e-09,3.1905977248753927e-07,9.374797796225463e-11,37.69911183905356,0.12903225805074334,181.62133283370272,0.00575207449720972
3,14,0.6666666666666666,6.705525223286839e-08,1.4420484305672261e-09,3.202667738636135e-07,9.410262605067524e-11,37.69911184023545,0.1290322580547886,181.6213328352894,0.005752074497252066
3,15,0.6666666666666666,6.703505328314879e-08,1.441614044553121e-09,3.1971987013662404e-07,9.394193165117276e-11,37.699111840236085,0.1290322580547908,181.62133283549952,0.005752074497255925
3,16,0.6666666666666666,6.703505328058264e-08,1.4416140444979347e-09,3.1971976933207547e-07,9.394190203220034e-11,37.699111840236085,0.1290322580547908,181.62133283549952,0.005752074497255945
3,17,0.6666666666666666,6.703505328050393e-08,1.4416140444962421e-09,3.197197489634631e-07,9.394189604737748e-11,37.699111840236085,0.1290322580547908,181.62133283549952,0.005752074497255949
3,18,0.6666666666666666,6.703505328050417e-08,1.4416140444962473e-09,3.1971974994855466e-07,9.394189633682275e-11,37.699111840236085,0.12903225805479077,181.62133283549952,0.005752074497255949
3,19,0.6666666666666666,6.703505328050383e-08,1.4416140444962398e-09,3.197197486476232e-07,9.394189595457559e-11,37.699111840236085,0.1290322580547908,181.62133283549952,0.005752074497255949
3,20,0.6666666666666666,6.703505328050389e-08,1.4416140444962413e-09,3.1971974892065773e-07,9.394189603480016e-11,37.699111840236085,0.12903225805479077,181.62133283549952,0.005752074497255949
2,2,1.0,2.8277024354728932,0.11898500329179537,7.4147194198605755,0.007498312560811029,23.633731549762864,0.08409883692573084,72.92334473437244,0.004300336798563545
2,3,1.0,1.6537551587165253,0.06958725944259478,5.250557660029393,0.005309752159738671,19.597683262757126,0.1060423790578785,63.890589210472456,0.005116027231728432
2,4,1.0,0.4787570636348254,0.020145298910503436,1.3367235960064565,0.0013517937446722932,25.98297226993826,0.1246970646680374,82.69217138493387,0.0057375729441149145
2,5,1.0,0.2664335824501517,0.011211080871589124,0.8232647451405584,0.000832546186822052,24.93430728344503,0.1306092186182684,78.79215299137076,0.005780777431365418
2,6,1.0,0.0274422724348789,0.001154725064079223,0.07937809992900158,8.02730042834362e-05,25.144076399003303,0.13274424540487795,80.6121919428623,0.005914740388151663
2,7,1.0,0.017227178885775154,0.0007248909611981533,0.05522283776199714,5.584541701271806e-05,25.13174423770436,0.132716644570884,80.49032078494342,0.005914140341987352
2,8,1.0,0.000982824375744002,4.135561087197636e-05,0.0027762962449621167,2.8075960568880676e-06,25.132773444595788,0.13269524872032726,80.54801404962306,0.005915427651207067
2,9,1.0,0.0006265589557146235,2.6364556069613712e-05,0.0019989790687221978,2.0215154493438455e-06,25.13273971677158,0.13269601896247232,80.54556893484524,0.005915425206458833
2,10,1.0,2.2629299821962e-05,9.522032021579677e-07,6.073779358528623e-05,6.142254814613917e-08,25.13274126981222,0.13269663399219098,80.54670349589844,0.005915486574168944
2,11,1.0,1.4606605599693615e-05,6.146216071249558e-07,4.647067682741277e-05,4.699458469474107e-08,25.132741215534846,0.13269662272349764,80.54667586891813,0.00591548664474629
2,12,1.0,3.751259190459562e-07,1.5784673151104173e-08,1.075532079383625e-06,1.0876575691854143e-09,25.132741236874622,0.13269661386324985,80.54670372253739,0.005915487510428388
2,13,1.0,2.2431399476050235e-07,9.438758856007638e-09,6.738032336797684e-07,6.813996544607079e-10,25.13274124055404,0.13269661390270104,80.54670319432613,0.005915487517890155
2,14,1.0,5.7852059441245525e-08,2.434318192997053e-09,1.7590062232856277e-07,1.7788371631809374e-10,25.132741236934773,0.13269661405792896,80.54670364838833,0.005915487546304291
2,15,1.0,5.4895125751236915e-08,2.3098953540074703e-09,1.6512709729224045e-07,1.6698873115012e-10,25.132741233648424,0.13269661409642353,80.54670361804662,0.005915487546763472
2,16,1.0,5.7147935451155866e-08,2.404689829620608e-09,1.740107582794031e-07,1.759725460450714e-10,25.132741238257182,0.13269661407495753,80.54670366391254,0.005915487547657433
2,17,1.0,5.713979034293023e-08,2.4043470970484386e-09,1.7394104100910425e-07,1.7590204278608262e-10,25.13274123825718,0.13269661407495756,80.54670366391252,0.005915487547659237
2,18,1.0,5.713978989822795e-08,2.404347078336108e-09,1.7393939102851258e-07,1.7590037420370005e-10,25.132741238257278,0.1326966140749536,80.5467036639125,0.005915487547660887
2,19,1.0,5.7139789898140225e-08,2.404347078332417e-09,1.7393937738464695e-07,1.7590036040601425e-10,25.132741238257278,0.1326966140749536,80.5467036639125,0.0059154875476609015
2,20,1.0,5.713978989811383e-08,2.4043470783313063e-09,1.7393936445230946e-07,1.7590034732787827e-10,25.132741238257278,0.1326966140749536,80.5467036639125,0.005915487547660914
1,2,2.0,1.0000000004637364,0.07790494816650147,1.5688484175445159,0.005698647559872228,8.885765872645724,0.09383067566215846,14.288847711127373,0.006453436452865958
1,3,2.0,1.3363463728713225,0.10410799486275396,2.213144857074952,0.008038974574199794,10.588622902376068,0.10193756292790988,18.041009065314693,0.004797748626771544
1,4,2.0,1.343041663483871,0.10462959113064234,2.1513811582156084,0.007814625588117144,10.403085777419651,0.07990466651804547,17.319083214192613,0.004518363655582772
1,5,2.0,0.9858671747694076,0.07680393111384916,1.5524223916267286,0.005638982055246035,8.99738272463934,0.0950093117851386,14.701790501930782,0.005642919215090059
1,6,2.0,0.7864831830645449,0.06127093158205489,1.1196519626508787,0.00406699707474163,14.334863767961592,0.09917295424902378,23.047843938111555,0.005201580535818324
1,7,2.0,0.43702506608249436,0.03404641510483004,0.6978253131588753,0.002534764017720699,11.554312464973583,0.12200962313644294,18.466636366580897,0.005431970115657037
1,8,2.0,0.11883910015999856,0.00925815393382502,0.1732989507019379,0.0006294869736948272,12.739414129411477,0.1295660376819004,20.451862695210686,0.005801668667014616
1,9,2.0,0.07721837768525965,0.00601569370828179,0.12254140877562436,0.0004451164894537698,12.525565211042135,0.1308603039402253,20.111281832330512,0.005805847445567204
1,10,2.0,0.012150701517065595,0.0009465997714346531,0.01724150330296766,6.262762522319827e-05,12.570317078573703,0.1309199539821394,20.047771894899746,0.005813576854968776
1,11,2.0,0.008148010497281016,0.0006347703351564213,0.012535674971802826,4.553428667201911e-05,12.56584382271588,0.1309582875367034,20.055117630738504,0.005815769831734967
1,12,2.0,0.0008645948763028093,6.735621899215758e-05,0.0012189150564333657,4.4275579682244355e-06,12.566404739525492,0.13098297144309934,20.040988831699877,0.0058158862863479915
1,13,2.0,0.0005790830978892027,4.511343870423469e-05,0.000928624258194532,3.3731125989093654e-06,12.566367637548868,0.13098188898808233,20.042049207487853,0.005816050147492383
1,14,2.0,4.4284573493563434e-05,3.4499874009917994e-06,6.376604816397542e-05,2.3162227192164192e-07,12.566370748038524,0.1309810266202049,20.041873129738438,0.005816073410746217
1,15,2.0,2.970008765541271e-05,2.3137837882624915e-06,4.5907651972470836e-05,1.6675385968890852e-07,12.566370599327756,0.13098106630740816,20.041881042357808,0.005816081316562504
1,16,2.0,1.7108972056487691e-06,1.3328735806246936e-07,2.3299403866205733e-06,8.46321986903259e-09,12.566370608841527,0.13098109945322783,20.041918641816594,0.00581608740020821
1,17,2.0,1.149824660843984e-06,8.957703056207556e-08,1.7796524537144116e-06,6.464367111166422e-09,12.56637061641672,0.13098109834515853,20.041917100420413,0.005816087564555058
1,18,2.0,6.36808902512817e-08,4.961056451922147e-09,8.76452555634646e-08,3.1836053513241547e-10,12.566370606097388,0.13098109742059222,20.0419188232898,0.005816087748056444
1,19,2.0,4.8137111488985406e-08,3.7501191736954435e-09,7.595130203758653e-08,2.7588369735747896e-10,12.566370608212353,0.13098109741610428,20.041918772031142,0.005816087754918999
1,20,2.0,1.888289725578912e-08,1.4710711312634349e-09,2.903916609846546e-08,1.0548117407464505e-10,12.566370609572216,0.13098109751413392,20.04191877447196,0.0058160877642257315
