K,N,h,l2phi,relL2phi,l1phi,relL1phi,l2u,relL2u,l1u,relL1u
20,2,0.1,21.726003923558373,0.13428007350973734,9629.907652133154,0.07724450849051556,4009.5697305708914,2.231226462538756,2107442.88322132,1.4142135623730951
20,3,0.1,2.7390121777311913,0.016928780730403697,1104.8404710610077,0.008862271813025397,3989.2976892522156,2.2203113724786676,2100488.7071667654,1.4142135623730951
20,4,0.1,0.3088955947516686,0.0019091648568244654,111.7224241852509,0.0008961605921160569,3988.7581346871775,2.2203090792623423,2100161.5520720957,1.4142135623730951
20,5,0.1,0.03075285301099257,0.00019007155561048448,10.18549113972688,8.170101783358463e-05,3988.809088343212,2.2203115241268856,2100190.0794734843,1.4142135623730951
20,6,0.1,0.00268773051949389,1.6611828525937823e-05,0.8555388427492471,6.862545290148365e-06,3988.8117621068327,2.2203113762536297,2100191.1752491468,1.4142135623730951
20,7,0.1,0.00022470701600182957,1.388827634066699e-06,0.06572314351176953,5.271859399288928e-07,3988.8115924018066,2.2203113909633414,2100191.106910646,1.4142135623730951
20,8,0.1,1.7185661727171443e-05,1.0621796480188141e-07,0.006182484046088159,4.9591642894389246e-08,3988.8115814443277,2.220311389251447,2100191.105323021,1.4142135623730951
20,9,0.1,7.132422016718046e-06,4.408275705358085e-08,0.0032983778114543246,2.645732254819434e-08,3988.8115819762725,2.220311389318002,2100191.105448564,1.4142135623730951
20,10,0.1,7.033920932591631e-06,4.347395974028655e-08,0.003238688675375898,2.597853727369794e-08,3988.811581977694,2.2203113893162563,2100191.105419813,1.4142135623730951
20,11,0.1,1.0133431588561962e-05,6.263084290169504e-08,0.003931280013732622,3.1534029543065945e-08,3988.8115882684024,2.220311391865624,2100191.1088487455,1.4142135623730951
20,12,0.1,7.0338321962843996e-06,4.34734112953033e-08,0.0032374789727495313,2.5968833869660343e-08,3988.811581975901,2.2203113893163,2100191.1054220833,1.4142135623730951
20,13,0.1,7.033807590016346e-06,4.3473259213425073e-08,0.003237475100360142,2.5968802808010965e-08,3988.8115819759055,2.2203113893161355,2100191.1054220838,1.4142135623730951
20,14,0.1,7.0338404538407535e-06,4.3473462332082916e-08,0.0032375170296145015,2.596913913570603e-08,3988.8115819759073,2.2203113893161883,2100191.105422081,1.4142135623730951
20,15,0.1,7.033843550057371e-06,4.3473481468606896e-08,0.0032375176921563727,2.5969144450162104e-08,3988.8115819758787,2.2203113893162008,2100191.1054220526,1.4142135623730951
20,16,0.1,7.03411135036849e-06,4.347513663932257e-08,0.0032376528221814515,2.5970228370459845e-08,3988.81158196907,2.2203113893121573,2100191.105418129,1.4142135623730951
20,17,0.1,7.033994892436594e-06,4.347441685764018e-08,0.003237547149962306,2.596938074045924e-08,3988.8115819795676,2.2203113893174065,2100191.1054240866,1.4142135623730951
20,18,0.1,7.0338301233783734e-06,4.3473398483468476e-08,0.0032375161189509686,2.596913183098832e-08,3988.8115819773875,2.2203113893163056,2100191.1054229294,1.4142135623730951
20,19,0.1,7.033809575414633e-06,4.3473271484408215e-08,0.0032374774247063906,2.5968821452320962e-08,3988.8115819759187,2.220311389316103,2100191.1054220838,1.4142135623730951
20,20,0.1,7.033847509958185e-06,4.347350594323068e-08,0.003237511991308915,2.596909872187729e-08,3988.811581978271,2.2203113893170685,2100191.105423778,1.4142135623730951
19,2,0.10526315789473684,22.89619130666533,0.14896078780381267,9668.789977153643,0.08509097316907466,3811.621949810362,2.232611990147029,1907150.1361491005,1.4142135623730951
19,3,0.10526315789473684,3.0278594822063143,0.019699011411448003,1157.9283578548893,0.010190442760961357,3789.942512694621,2.220317664132427,1901283.0007222889,1.4142135623730951
19,4,0.10526315789473684,0.35937407713590475,0.0023380589779946758,124.30341443960576,0.001093942316246134,3789.311234883602,2.220308429364973,1900968.5832985286,1.4142135623730951
19,5,0.10526315789473684,0.037447441286390416,0.00024363005534609863,11.880105136469497,0.00010455183221496594,3789.3689898959246,2.2203119869469123,1900998.395483869,1.4142135623730951
19,6,0.10526315789473684,0.00349808002757699,2.275822863853169e-05,1.0463835488033804,9.208783589898707e-06,3789.372408973493,2.220311795298394,1900999.466718634,1.4142135623730951
19,7,0.10526315789473684,0.0002976134883420821,1.936249531229748e-06,0.0830597189377718,7.309738170200109e-07,3789.372200178012,2.2203118156716544,1900999.416701015,1.4142135623730951
19,8,0.10526315789473684,2.4325110314216466e-05,1.582572204821462e-07,0.007540459126650855,6.636042428726304e-08,3789.3721848036016,2.2203118131881516,1900999.416456978,1.4142135623730951
19,9,0.10526315789473684,6.856077279089133e-06,4.4605089949594807e-08,0.0030103692879261453,2.64929999424125e-08,3789.3721854090068,2.220311813239397,1900999.4164480655,1.4142135623730951
19,10,0.10526315789473684,6.632168565784123e-06,4.31483577846979e-08,0.002915560924138186,2.565863122012694e-08,3789.372185451441,2.220311813252791,1900999.4164202476,1.4142135623730951
19,11,0.10526315789473684,9.640953248523015e-06,6.272327007774625e-08,0.003543895898658662,3.118834430567816e-08,3789.3721913818313,2.220311815779134,1900999.4194520528,1.4142135623730951
19,12,0.10526315789473684,6.6313934687924e-06,4.3143315065716173e-08,0.0029145138448241335,2.5649416313398336e-08,3789.3721854445116,2.2203118132508015,1900999.4164187047,1.4142135623730951
19,13,0.10526315789473684,6.631385108201015e-06,4.3143260672377885e-08,0.002914520201787558,2.5649472258372368e-08,3789.3721854441765,2.2203118132509285,1900999.416418549,1.4142135623730951
19,14,0.10526315789473684,6.6314733309458304e-06,4.3143834642493435e-08,0.0029145397748487523,2.5649644512690524e-08,3789.372185444402,2.2203118132507806,1900999.4164187044,1.4142135623730951
19,15,0.10526315789473684,6.631505717630285e-06,4.314404534766995e-08,0.002914558219320874,2.564980683476869e-08,3789.372185444623,2.2203118132506887,1900999.4164189873,1.4142135623730951
19,16,0.10526315789473684,6.63129640440638e-06,4.314268357259072e-08,0.0029144370076729553,2.564874010179536e-08,3789.372185441394,2.2203118132504636,1900999.4164170315,1.4142135623730951
19,17,0.10526315789473684,6.63133015168898e-06,4.314290312970985e-08,0.0029144306271725803,2.564868394968248e-08,3789.3721854468527,2.2203118132516546,1900999.4164198688,1.4142135623730951
19,18,0.10526315789473684,6.6314321303040976e-06,4.314356659441643e-08,0.0029145158856155044,2.5649434273548903e-08,3789.3721854459104,2.2203118132512274,1900999.4164195403,1.4142135623730951
19,19,0.10526315789473684,6.631495888961393e-06,4.314398140313692e-08,0.002914559990286664,2.564982242029727e-08,3789.3721854446144,2.220311813251037,1900999.4164188455,1.4142135623730951
19,20,0.10526315789473684,6.631353171042657e-06,4.3143052891782176e-08,0.002914491448635611,2.564921921391834e-08,3789.372185445304,2.220311813250287,1900999.4164195978,1.4142135623730951
18,2,0.1111111111111111,24.193837217820786,0.16614407921848526,9749.64251909105,0.09620555053513158,3613.953772795999,2.234335264382436,1710816.7695125528,1.4142135623730951
18,3,0.1111111111111111,3.3743478335917922,0.023172343796793404,1217.8969719587694,0.012017717414041824,3590.587804221016,2.220324340219076,1704071.8086727757,1.4142135623730951
18,4,0.1111111111111111,0.4171351200179793,0.002864553059571341,137.2638244269486,0.0013544642043740666,3589.8446414854293,2.220300598491607,1703700.4085524485,1.4142135623730951
18,5,0.1111111111111111,0.047246810667495115,0.0003244536112105055,14.0497388295465,0.00013863717119110848,3589.910790592292,2.220305975065696,1703736.7168816172,1.4142135623730951
18,6,0.1111111111111111,0.004366659409356138,2.9986752423622272e-05,1.2702741271805749,1.253455411279369e-05,3589.9151933759717,2.220305749188908,1703738.7245818425,1.4142135623730951
18,7,0.1111111111111111,0.0004377111292661378,3.005852766589633e-06,0.112415144362556,1.1092674250064976e-06,3589.9149297371273,2.220305776855123,1703738.621984967,1.4142135623730951
18,8,0.1111111111111111,3.0938482198241406e-05,2.1246094990909895e-07,0.009060805782222528,8.940838670379163e-08,3589.9149079977856,2.2203057728082753,1703738.615526502,1.4142135623730951
18,9,0.1111111111111111,6.997572955829329e-06,4.805377935890558e-08,0.002861879892078856,2.8239879569301165e-08,3589.9149089463294,2.220305772928524,1703738.615727752,1.4142135623730951
18,10,0.1111111111111111,6.339923527281295e-06,4.353756484646794e-08,0.002626870805261897,2.592090443419109e-08,3589.914909002753,2.2203057729374818,1703738.6157222944,1.4142135623730951
18,11,0.1111111111111111,9.192593537780498e-06,6.31274392405748e-08,0.003195404680164216,3.1530968016086244e-08,3589.914914594634,2.220305775441566,1703738.6184575504,1.4142135623730951
18,12,0.1111111111111111,6.343076178409527e-06,4.355921475318102e-08,0.0026260858611204005,2.5913158921150576e-08,3589.9149089960238,2.220305772933933,1703738.6157210914,1.4142135623730951
18,13,0.1111111111111111,6.343260067279787e-06,4.356047755604907e-08,0.0026261642393849705,2.5913932326337295e-08,3589.9149089947337,2.2203057729337226,1703738.6157205256,1.4142135623730951
18,14,0.1111111111111111,6.343090579740183e-06,4.35593136500943e-08,0.0026260854624507546,2.5913154987238875e-08,3589.9149089953366,2.2203057729340068,1703738.6157208087,1.4142135623730951
18,15,0.1111111111111111,6.34305647310637e-06,4.355907943279264e-08,0.002626077741474687,2.5913078799752842e-08,3589.914908995542,2.2203057729340907,1703738.615720811,1.4142135623730951
18,16,0.1111111111111111,6.3431822565605695e-06,4.355994321376259e-08,0.002626125306217557,2.5913548149502322e-08,3589.9149089929438,2.2203057729321984,1703738.6157193866,1.4142135623730951
18,17,0.1111111111111111,6.342981686575697e-06,4.3558565858233764e-08,0.0026260675156336193,2.5912977895266584e-08,3589.9149089981465,2.220305772934923,1703738.6157221696,1.4142135623730951
18,18,0.1111111111111111,6.3432602344400246e-06,4.356047870397296e-08,0.002626165005607942,2.591393988711736e-08,3589.914908996318,2.2203057729342657,1703738.6157210625,1.4142135623730951
18,19,0.1111111111111111,6.3430906571805686e-06,4.355931418189343e-08,0.002626085417793737,2.591315454658139e-08,3589.9149089948846,2.2203057729338678,1703738.6157205256,1.4142135623730951
18,20,0.1111111111111111,6.343155163423247e-06,4.355975715959048e-08,0.002626112842671589,2.5913425164244236e-08,3589.914908996675,2.2203057729341706,1703738.6157205156,1.4142135623730951
17,2,0.11764705882352941,25.592907357685934,0.1860942762425441,9720.339168484052,0.10692166993765784,3416.2413172283973,2.2361578664145636,1527480.977109401,1.4142135623730951
17,3,0.11764705882352941,3.7615522337503724,0.027351458382788196,1294.1641202236522,0.014235530932537719,3391.294038525463,2.2203417958157092,1522302.6586861196,1.4142135623730951
17,4,0.11764705882352941,0.49663090158584794,0.0036111633156264036,154.04376258297123,0.0016944487279058672,3390.4107443377347,2.220304662080389,1521942.2051852809,1.4142135623730951
17,5,0.11764705882352941,0.057862878444222304,0.0004207396344188336,16.44580724431739,0.0001809003928316096,3390.485454485382,2.2203120849713724,1521976.7926278969,1.4142135623730951
17,6,0.11764705882352941,0.006037941742522625,4.390382002582257e-05,1.6215437812357452,1.7836637792319897e-05,3390.4912539890915,2.220311776748585,1521978.6042911247,1.4142135623730951
17,7,0.11764705882352941,0.0005741397016499884,4.174754776681435e-06,0.14379010948249482,1.5816607177900267e-06,3390.4909337062436,2.220311818185402,1521978.5399807186,1.4142135623730951
17,8,0.11764705882352941,5.0823473273315284e-05,3.6955385110201344e-07,0.012819694079260938,1.4101391682799216e-07,3390.4909015618828,2.2203118122869534,1521978.5394752063,1.4142135623730951
17,9,0.11764705882352941,7.26905320630927e-06,5.2855628182095667e-08,0.002722543318258621,2.994739926458993e-08,3390.4909027305957,2.2203118124383345,1521978.5395775202,1.4142135623730951
17,10,0.11764705882352941,5.985253027629662e-06,4.352070340186421e-08,0.0023602452203895286,2.5962197002821355e-08,3390.4909028784605,2.2203118124748324,1521978.5395425244,1.4142135623730951
17,11,0.11764705882352941,8.649410427917285e-06,6.2892650335195e-08,0.00285527823818082,3.140745524114864e-08,3390.490908110997,2.2203118149329706,1521978.5419222969,1.4142135623730951
17,12,0.11764705882352941,5.980999581153954e-06,4.348977522194426e-08,0.002356269218693004,2.5918461827155293e-08,3390.490902884828,2.220311812477714,1521978.5395515133,1.4142135623730951
17,13,0.11764705882352941,5.980999714712124e-06,4.3489776193088746e-08,0.002356211302822886,2.5917824764863374e-08,3390.490902884128,2.2203118124772816,1521978.5395512336,1.4142135623730951
17,14,0.11764705882352941,5.980932636322161e-06,4.348928844450054e-08,0.002356192209415874,2.5917614741434442e-08,3390.4909028841676,2.2203118124774495,1521978.5395512313,1.4142135623730951
17,15,0.11764705882352941,5.980925884658277e-06,4.348923935097684e-08,0.0023561912453089313,2.5917604136462484e-08,3390.4909028843645,2.2203118124768095,1521978.539551231,1.4142135623730951
17,16,0.11764705882352941,5.980852582724442e-06,4.3488706348995725e-08,0.002356107592609894,2.5916683974509197e-08,3390.4909028824754,2.2203118124765115,1521978.5395503638,1.4142135623730951
17,17,0.11764705882352941,5.980898026790792e-06,4.348903678744567e-08,0.0023561729119692056,2.5917402473612552e-08,3390.490902883668,2.220311812477228,1521978.5395507917,1.4142135623730951
17,18,0.11764705882352941,5.980993589345629e-06,4.348973165357517e-08,0.0023561934635757645,2.591762853692733e-08,3390.490902883664,2.2203118124773025,1521978.5395509612,1.4142135623730951
17,19,0.11764705882352941,5.980932638330094e-06,4.348928845910087e-08,0.0023561921866741588,2.5917614491280397e-08,3390.4909028842217,2.2203118124771435,1521978.5395512327,1.4142135623730951
17,20,0.11764705882352941,5.980901995935143e-06,4.348906564837324e-08,0.0023561920302417687,2.5917612770557274e-08,3390.4909028852135,2.2203118124777106,1521978.5395515163,1.4142135623730951
16,2,0.125,27.104469991779684,0.20934801303925774,9714.329872158603,0.1222661253080842,3218.6094077684743,2.2379930085293678,1352896.2633969358,1.4142135623730951
16,3,0.125,4.278834494245765,0.03304862628805722,1372.8050572051934,0.017278346253082798,3191.849448540705,2.220328229623038,1347449.4098435857,1.4142135623730951
16,4,0.125,0.5719350863885055,0.004417480731376889,170.50154142999367,0.002145959948245904,3190.798205194757,2.2202393724159335,1347056.6191860873,1.4142135623730951
16,5,0.125,0.07760235188455625,0.000599380772954876,20.27831225315617,0.00025522611437014335,3190.8870208275953,2.2202516898614264,1347092.7237131447,1.4142135623730951
16,6,0.125,0.007354640362204936,5.680536630721384e-05,1.9261105441018787,2.4242338508322958e-05,3190.894568163891,2.2202515300202514,1347095.4010942557,1.4142135623730951
16,7,0.125,0.000907877593464262,7.012214971635634e-06,0.2074266871432437,2.6107057981613643e-06,3190.8941263038564,2.220251571733107,1347095.2965253866,1.4142135623730951
16,8,0.125,6.698688262713189e-05,5.173895959573141e-07,0.016290173385083363,2.0503075421593034e-07,3190.89408138831,2.220251559189306,1347095.288738866,1.4142135623730951
16,9,0.125,9.324491684569027e-06,7.201999549733436e-08,0.0029056926423925993,3.657151706776542e-08,3190.8940834013947,2.2202515594356753,1347095.2890944483,1.4142135623730951
16,10,0.125,5.645276495231956e-06,4.360267578345795e-08,0.0020717864884102926,2.6075839480143286e-08,3190.894083607412,2.2202515595869325,1347095.289091672,1.4142135623730951
16,11,0.125,8.134185342773835e-06,6.282637290894118e-08,0.0025092972492593043,3.158242060447914e-08,3190.894088472455,2.220251562021754,1347095.2912261595,1.4142135623730951
16,12,0.125,5.621220526528409e-06,4.3416873616828265e-08,0.0020553983384147202,2.5869575576477733e-08,3190.894083607441,2.2202515595833803,1347095.289101888,1.4142135623730951
16,13,0.125,5.621214683737633e-06,4.3416828488602554e-08,0.002055379885742858,2.586934332816829e-08,3190.8940836035163,2.2202515595826804,1347095.289100134,1.4142135623730951
16,14,0.125,5.621213282742789e-06,4.341681766767571e-08,0.002055382572819253,2.5869377148145946e-08,3190.8940836040274,2.2202515595826,1347095.2891004242,1.4142135623730951
16,15,0.125,5.621278724265976e-06,4.34173231213095e-08,0.002055382700380352,2.5869378753650546e-08,3190.8940836030665,2.2202515595820507,1347095.2891001347,1.4142135623730951
16,16,0.125,5.621252029353154e-06,4.341711693661158e-08,0.002055367863347128,2.586919201235318e-08,3190.894083601092,2.2202515595821795,1347095.2890995343,1.4142135623730951
16,17,0.125,5.6211883452110925e-06,4.341662505654137e-08,0.0020554001297370165,2.5869598122349575e-08,3190.8940836062948,2.2202515595835677,1347095.289101272,1.4142135623730951
16,18,0.125,5.621212079050273e-06,4.3416808370661726e-08,0.0020553817694402743,2.5869367036688318e-08,3190.8940836047877,2.2202515595829535,1347095.2891007003,1.4142135623730951
16,19,0.125,5.6212132795739055e-06,4.341681764320006e-08,0.002055382348223964,2.5869374321353353e-08,3190.894083603383,2.22025155958228,1347095.2891001345,1.4142135623730951
16,20,0.125,5.621377391364284e-06,4.341808520081113e-08,0.0020554587860005004,2.5870336379558833e-08,3190.894083603114,2.220251559581776,1347095.2891001066,1.4142135623730951
15,2,0.13333333333333333,28.925750991954725,0.23837205353407875,9720.190139152472,0.1375295587110061,3021.8217525157725,2.241286117987408,1190334.9669407723,1.4142135623730951
15,3,0.13333333333333333,4.792973574959278,0.03949805672860112,1464.242279849865,0.02071735138005315,2992.789871272496,2.2204096423801802,1186041.7533769712,1.4142135623730951
15,4,0.13333333333333333,0.7125739758705013,0.005872197474507677,196.23965152906138,0.002776566331525141,2991.5032010029886,2.220296230236475,1185690.2277675443,1.4142135623730951
15,5,0.13333333333333333,0.09413515159984061,0.0007757513159411818,23.733258705659928,0.00033579843087803556,2991.59977035176,2.220312138835762,1185715.160404554,1.4142135623730951
15,6,0.13333333333333333,0.011125779848707879,9.16856053432184e-05,2.6431544732078094,3.739760880202158e-05,2991.6101772810925,2.2203116580992295,1185717.670200737,1.4142135623730951
15,7,0.13333333333333333,0.0011993403621206901,9.883554106668845e-06,0.2654990201164763,3.7565070798097854e-06,2991.6096906809776,2.220311752613451,1185717.5070258323,1.4142135623730951
15,8,0.13333333333333333,0.00011956091070501052,9.852805486393363e-07,0.025626759821425683,3.625893031904128e-07,2991.6096176995065,2.2203117371760692,1185717.5088206197,1.4142135623730951
15,9,0.13333333333333333,1.2308431056771735e-05,1.0143162705097458e-07,0.003238600380900984,4.582248647920425e-08,2991.6096198199966,2.2203117373315604,1185717.5089975805,1.4142135623730951
15,10,0.13333333333333333,5.371134304518156e-06,4.426257815506444e-08,0.0018675137369181683,2.6423180662954816e-08,2991.609620171323,2.2203117374389296,1185717.5088151246,1.4142135623730951
15,11,0.13333333333333333,7.666546550763512e-06,6.317866890745193e-08,0.0022277387721865226,3.151995237501857e-08,2991.609624664503,2.220311739805184,1185717.5106191104,1.4142135623730951
15,12,0.13333333333333333,5.280796241571792e-06,4.3518117982438146e-08,0.0018355854881303782,2.5971432507482737e-08,2991.6096201545665,2.220311737430151,1185717.5088151228,1.4142135623730951
15,13,0.13333333333333333,5.281020875765158e-06,4.3519969153527245e-08,0.0018356308366440362,2.5972074137016966e-08,2991.6096201546097,2.2203117374301806,1185717.5088155207,1.4142135623730951
15,14,0.13333333333333333,5.281002589987364e-06,4.3519818463631435e-08,0.001835640797515249,2.5972215071937236e-08,2991.6096201548667,2.220311737430416,1185717.5088155204,1.4142135623730951
15,15,0.13333333333333333,5.2811059727531844e-06,4.3520670422918346e-08,0.001835662762833772,2.5972525856039208e-08,2991.609620155645,2.2203117374303485,1185717.5088156618,1.4142135623730951
15,16,0.13333333333333333,5.280927148359749e-06,4.351919676237632e-08,0.0018355815580855805,2.597137690184962e-08,2991.6096201533032,2.220311737429318,1185717.5088146576,1.4142135623730951
15,17,0.13333333333333333,5.280815839768483e-06,4.351827948774849e-08,0.0018355892205624712,2.5971485317122396e-08,2991.609620156255,2.220311737431183,1185717.5088163388,1.4142135623730951
15,18,0.13333333333333333,5.280930426624404e-06,4.351922377798183e-08,0.0018355881456827913,2.59714701088059e-08,2991.609620155882,2.220311737431046,1185717.508815936,1.4142135623730951
15,19,0.13333333333333333,5.281010331777276e-06,4.351988226236771e-08,0.001835642765148141,2.5972242911689285e-08,2991.6096201539917,2.2203117374300527,1185717.5088150946,1.4142135623730951
15,20,0.13333333333333333,5.280964059884128e-06,4.351950094379128e-08,0.001835635606194689,2.5972141620696517e-08,2991.60962015415,2.220311737429936,1185717.508815228,1.4142135623730951
14,2,0.14285714285714285,30.738780696485495,0.2708293640033347,9636.981928097932,0.1614388364975985,2825.8925245744267,2.244801607499387,1035748.2890909133,1.4142135623730951
14,3,0.14285714285714285,5.639187859748885,0.04968504367922879,1608.7917261216503,0.026950498233766437,2792.577144652037,2.2201922572148414,1032381.8974281094,1.4142135623730951
14,4,0.14285714285714285,0.8151899802689353,0.007182372849400925,213.7161911444469,0.0035801761896494095,2791.1022558664645,2.2199088410109917,1031817.50509333,1.4142135623730951
14,5,0.14285714285714285,0.13203692874908285,0.001163334284178561,30.55295719692602,0.0005118235043122249,2791.226223805482,2.2199365496894905,1031856.3412962513,1.4142135623730951
14,6,0.14285714285714285,0.014308862875750497,0.00012607072058305518,3.3305969586641524,5.579420007849961e-05,2791.2390376020235,2.2199375219749578,1031862.5225828479,1.4142135623730951
14,7,0.14285714285714285,0.001904861796427362,1.678311556774457e-05,0.3680428156467673,6.165457648735196e-06,2791.2382307573093,2.2199376053801356,1031862.0804338699,1.4142135623730951
14,8,0.14285714285714285,0.00018382298979486303,1.6196043657979688e-06,0.03961323832680945,6.636014421420014e-07,2791.2381466374673,2.2199375568494575,1031862.0501022765,1.4142135623730951
14,9,0.14285714285714285,2.0205149981656e-05,1.7802098180652753e-07,0.004087836484575047,6.847948567155625e-08,2791.238152426801,2.2199375578090033,1031862.0518767412,1.4142135623730951
14,10,0.14285714285714285,5.1877873954731e-06,4.570790151937082e-08,0.0016650647549165077,2.7893184685045347e-08,2791.2381525870446,2.219937558241554,1031862.0518645856,1.4142135623730951
14,11,0.14285714285714285,7.108103611707289e-06,6.26271809359242e-08,0.001917226465366043,3.211740067382142e-08,2791.2381566943586,2.21993756058201,1031862.0534463834,1.4142135623730951
14,12,0.14285714285714285,4.8855715913143655e-06,4.304517670799193e-08,0.0015600374025835028,2.6133765222855883e-08,2791.2381525845235,2.2199375582411873,1031862.0518709439,1.4142135623730951
14,13,0.14285714285714285,4.884614108913023e-06,4.303674064306273e-08,0.0015594918394402403,2.612462594255616e-08,2791.238152582699,2.2199375582408067,1031862.0518707621,1.4142135623730951
14,14,0.14285714285714285,4.884328505580802e-06,4.303422428531951e-08,0.0015593835986914962,2.6122812692238865e-08,2791.238152582744,2.2199375582406966,1031862.0518708696,1.4142135623730951
14,15,0.14285714285714285,4.884308415929179e-06,4.3034047281956045e-08,0.0015593785857223803,2.612272871492029e-08,2791.238152583475,2.219937558241489,1031862.0518711532,1.4142135623730951
14,16,0.14285714285714285,4.884542665607784e-06,4.3036111179418375e-08,0.0015594801004906885,2.6124429291532892e-08,2791.2381525808332,2.21993755824037,1031862.0518700242,1.4142135623730951
14,17,0.14285714285714285,4.884428533876416e-06,4.303510560198431e-08,0.0015593957120458325,2.6123015615295556e-08,2791.23815258393,2.219937558241518,1031862.0518714068,1.4142135623730951
14,18,0.14285714285714285,4.884354657772516e-06,4.303445470374498e-08,0.001559385303007257,2.612284124295687e-08,2791.2381525831956,2.219937558241037,1031862.0518711813,1.4142135623730951
14,19,0.14285714285714285,4.884288889991464e-06,4.303387524529183e-08,0.0015593745368639592,2.6122660888395603e-08,2791.238152582753,2.2199375582406873,1031862.0518708699,1.4142135623730951
14,20,0.14285714285714285,4.884437147201909e-06,4.303518149118396e-08,0.0015594255357262122,2.6123515221945906e-08,2791.23815258272,2.2199375582405456,1031862.0518709534,1.4142135623730951
13,2,0.15384615384615385,33.07791061451805,0.3145157537988835,9748.723016849784,0.18353709009774472,2628.4308327260187,2.2487707815297973,894996.0790270432,1.4142135623730951
13,3,0.15384615384615385,6.302690783381074,0.05992807604439004,1684.118300051567,0.031706529320566085,2594.557080838984,2.220601566685723,891105.1183986017,1.4142135623730951
13,4,0.15384615384615385,1.0714319958702265,0.010187531061211086,257.1696722488442,0.004841677543239497,2592.58828602039,2.2202732330542365,890692.2272392977,1.4142135623730951
13,5,0.15384615384615385,0.1633766732550529,0.0015534396395464572,35.828761778135075,0.0006745403133516411,2592.709237389011,2.220308895206514,890726.3147985927,1.4142135623730951
13,6,0.15384615384615385,0.022265055576734537,0.00021170353894774645,4.571757339839697,8.607148211482655e-05,2592.7291880192192,2.2203082255516042,890730.2173875108,1.4142135623730951
13,7,0.15384615384615385,0.002770043211304096,2.6338490324005052e-05,0.5293242468590328,9.96547258741182e-06,2592.7285155889626,2.2203084782368276,890729.9812289696,1.4142135623730951
13,8,0.15384615384615385,0.00031830762982030684,3.0265746013876044e-06,0.0588353439384443,1.1076802369600486e-06,2592.7283331922395,2.220308433168924,890729.9869885066,1.4142135623730951
13,9,0.15384615384615385,3.4552534134311586e-05,3.2853696370244574e-07,0.006462615927698873,1.2167026591473268e-07,2592.728336170214,2.2203084327537197,890729.9880925901,1.4142135623730951
13,10,0.15384615384615385,5.780154701585668e-06,5.495962953130027e-08,0.0016339386500278297,3.0761807952284145e-08,2592.728337330837,2.22030843320785,890729.9876868624,1.4142135623730951
13,11,0.15384615384615385,6.703277659549139e-06,6.373698903131373e-08,0.0016896497225003984,3.181066820917797e-08,2592.7283410861796,2.2203084354370826,890729.9889756755,1.4142135623730951
13,12,0.15384615384615385,4.598828077216472e-06,4.3727183864581075e-08,0.0013903305819329011,2.6175451783871387e-08,2592.728337317772,2.220308433206577,890729.9876722142,1.4142135623730951
13,13,0.15384615384615385,4.5986595014392e-06,4.372558099013478e-08,0.0013900698940840027,2.6170543870380772e-08,2592.728337318175,2.220308433207676,890729.9876728251,1.4142135623730951
13,14,0.15384615384615385,4.598863731659432e-06,4.3727522878859654e-08,0.001390099480908644,2.6171100895099855e-08,2592.728337318006,2.2203084332073324,890729.9876726507,1.4142135623730951
13,15,0.15384615384615385,4.5989981553236976e-06,4.372880102367924e-08,0.0013901755187898975,2.617253244376919e-08,2592.72833731798,2.2203084332074274,890729.9876726352,1.4142135623730951
13,16,0.15384615384615385,4.598631419298788e-06,4.3725313975822335e-08,0.0013900122225611723,2.6169458101150945e-08,2592.7283373167897,2.220308433206572,890729.9876723823,1.4142135623730951
13,17,0.15384615384615385,4.598882687683861e-06,4.372770311903207e-08,0.0013901236275808686,2.6171555499251395e-08,2592.728337320472,2.220308433208652,890729.9876736406,1.4142135623730951
13,18,0.15384615384615385,4.5988200642489666e-06,4.3727107674626256e-08,0.001390106960183793,2.6171241705788037e-08,2592.728337318803,2.22030843320796,890729.9876729338,1.4142135623730951
13,19,0.15384615384615385,4.5988613657058085e-06,4.372750038258726e-08,0.0013901002330870278,2.617111505619886e-08,2592.7283373181567,2.220308433207363,890729.9876726524,1.4142135623730951
13,20,0.15384615384615385,4.598762437376129e-06,4.3726559739191015e-08,0.0013900923085302648,2.617096586229048e-08,2592.728337318726,2.2203084332076024,890729.9876729226,1.4142135623730951
12,2,0.16666666666666666,35.69152843521135,0.3638693849498799,9798.718763257135,0.22116539425409085,2434.2690694301923,2.25298569741606,764572.2007837804,1.4142135623730951
12,3,0.16666666666666666,7.322525891989874,0.0746519723142293,1801.492127671909,0.040661205438021944,2392.345813605467,2.2203449738045515,759636.2121157491,1.4142135623730951
12,4,0.16666666666666666,1.3357619785232118,0.013617878271785408,304.47094398230934,0.006872167473289036,2390.392867890312,2.2192804281408236,759051.4330541386,1.4142135623730951
12,5,0.16666666666666666,0.21971573603269828,0.0022399665477804485,40.353848035285324,0.0009108205803252264,2390.5426250832375,2.219344026898867,759108.90218708,1.4142135623730951
12,6,0.16666666666666666,0.03324080405149388,0.00033888464450079325,6.908632946654117,0.00015593370585683202,2390.5628340062103,2.219352535152622,759116.6104279497,1.4142135623730951
12,7,0.16666666666666666,0.004347585745150833,4.4322936575174186e-05,0.7296125107005056,1.646797326063433e-05,2390.5616069117436,2.219352841055001,759115.8343106362,1.4142135623730951
12,8,0.16666666666666666,0.0005540962811298645,5.648922359369552e-06,0.09575756819642163,2.16132954059137e-06,2390.5615236236645,2.219352678287267,759115.7948060706,1.4142135623730951
12,9,0.16666666666666666,6.37554781029645e-05,6.499768326431397e-07,0.010873733224708103,2.454293825305154e-07,2390.5615392007494,2.219352679080841,759115.8004749899,1.4142135623730951
12,10,0.16666666666666666,8.256296937485752e-06,8.417161775685462e-08,0.001795569147982248,4.052751876225625e-08,2390.561537749209,2.2193526801676184,759115.7999013636,1.4142135623730951
12,11,0.16666666666666666,6.1212865988523236e-06,6.240553115761089e-08,0.0014070823742320091,3.175904274464155e-08,2390.56154092469,2.219352682349778,759115.8008610099,1.4142135623730951
12,12,0.16666666666666666,4.11398063279582e-06,4.194137007240968e-08,0.001123626662347596,2.536120688598163e-08,2390.5615376245264,2.219352680144222,759115.7998112316,1.4142135623730951
12,13,0.16666666666666666,4.112766057872879e-06,4.1928987676654676e-08,0.0011217834755993306,2.5319604597589335e-08,2390.5615376172213,2.2193526801424968,759115.7998109421,1.4142135623730951
12,14,0.16666666666666666,4.112710946616121e-06,4.1928425826266654e-08,0.001121815622333081,2.5320330176638564e-08,2390.5615376215846,2.219352680145317,759115.799811513,1.4142135623730951
12,15,0.16666666666666666,4.112803686124672e-06,4.1929371290622384e-08,0.0011218505614813863,2.532111878285296e-08,2390.5615376202577,2.2193526801448433,759115.7998110832,1.4142135623730951
12,16,0.16666666666666666,4.1129180832723004e-06,4.1930537551120956e-08,0.0011218692519341857,2.5321540642226828e-08,2390.561537620607,2.2193526801448553,759115.7998103213,1.4142135623730951
12,17,0.16666666666666666,4.112871097032412e-06,4.193005853397154e-08,0.0011218515186644797,2.532114038728731e-08,2390.5615376205596,2.219352680144526,759115.7998112955,1.4142135623730951
12,18,0.16666666666666666,4.1128817964524855e-06,4.193016761283625e-08,0.00112185567321274,2.5321234158965642e-08,2390.5615376205665,2.2193526801443704,759115.7998112272,1.4142135623730951
12,19,0.16666666666666666,4.112722086814166e-06,4.19285393987918e-08,0.0011218099500524764,2.5320202148453803e-08,2390.561537621544,2.219352680145066,759115.7998115072,1.4142135623730951
12,20,0.16666666666666666,4.112846106012541e-06,4.1929803754548284e-08,0.0011218448633175282,2.5320990170461214e-08,2390.5615376215865,2.2193526801450925,759115.799811502,1.4142135623730951
11,2,0.18181818181818182,38.26585695786625,0.42984056804076026,9585.97887246451,0.25367092547856407,2235.7550608569622,2.2593592280988104,640698.432793088,1.4142135623730951
11,3,0.18181818181818182,8.622401702372791,0.09685548267491889,1972.369184426037,0.052194222734617844,2196.867527567137,2.2211020616362656,637322.9954563214,1.4142135623730951
11,4,0.18181818181818182,1.7099867438099974,0.019208289889098173,348.9131278439644,0.009233184970398722,2193.6763165776183,2.2201607346146037,636724.7267761069,1.4142135623730951
11,5,0.18181818181818182,0.3080249950118954,0.003460046353396716,57.5468064323142,0.0015228441289343113,2193.806846998315,2.2202450460198713,636753.7999159943,1.4142135623730951
11,6,0.18181818181818182,0.04964287375522122,0.0005576386562468848,8.764845836068725,0.00023194152464691068,2193.848017761946,2.2202441640344857,636758.8705728942,1.4142135623730951
11,7,0.18181818181818182,0.007270648263910546,8.167122934748311e-05,1.1870923485914648,3.14136739400407e-05,2193.8475351233874,2.220244962816816,636758.6089124931,1.4142135623730951
11,8,0.18181818181818182,0.0009979886298269822,1.1210411412329972e-05,0.15471793259375027,4.094254918704655e-06,2193.8470271011593,2.220244824243058,636758.6217539404,1.4142135623730951
11,9,0.18181818181818182,0.00012375918859587173,1.390187602093608e-06,0.01881201760673961,4.978168614713215e-07,2193.8470245632866,2.2202448189024215,636758.6234391595,1.4142135623730951
11,10,0.18181818181818182,1.6078258966894408e-05,1.806071656789497e-07,0.002616080887456708,6.922857526362479e-08,2193.847028994676,2.2202448207987464,636758.622591805,1.4142135623730951
11,11,0.18181818181818182,5.869137434466309e-06,6.592805099120307e-08,0.0012661866636689465,3.350672342123986e-08,2193.847032030377,2.220244822785643,636758.6234248363,1.4142135623730951
11,12,0.18181818181818182,3.891241230328692e-06,4.371033275616412e-08,0.0009947247023409226,2.632310577733805e-08,2193.8470290213068,2.220244820782614,636758.6225667289,1.4142135623730951
11,13,0.18181818181818182,3.882035994786681e-06,4.360693029797055e-08,0.000991617598698784,2.6240883412053778e-08,2193.8470290116397,2.220244820776307,636758.6225650776,1.4142135623730951
11,14,0.18181818181818182,3.8826653863496956e-06,4.3614000256635375e-08,0.0009916184984072947,2.6240907220774158e-08,2193.847029013787,2.2202448207786953,636758.6225658437,1.4142135623730951
11,15,0.18181818181818182,3.882774970248351e-06,4.361523121313265e-08,0.0009916117021601173,2.6240727373693935e-08,2193.847029014311,2.220244820779349,636758.6225660346,1.4142135623730951
11,16,0.18181818181818182,3.882762726825826e-06,4.361509368270445e-08,0.0009915948685883034,2.6240281911858694e-08,2193.8470290111823,2.220244820777827,636758.6225650399,1.4142135623730951
11,17,0.18181818181818182,3.882591463462698e-06,4.361316988046548e-08,0.000991539939842862,2.6238828348703915e-08,2193.847029014294,2.220244820779446,636758.6225657194,1.4142135623730951
11,18,0.18181818181818182,3.882722969334305e-06,4.361464708659769e-08,0.000991581334586119,2.6239923765559267e-08,2193.8470290151035,2.2202448207797882,636758.6225661585,1.4142135623730951
11,19,0.18181818181818182,3.882761982058991e-06,4.3615085316734757e-08,0.0009915960875044256,2.6240314167675747e-08,2193.847029013466,2.220244820778655,636758.6225657313,1.4142135623730951
11,20,0.18181818181818182,3.882625135650629e-06,4.361354812032572e-08,0.0009915296212817688,2.6238555291671664e-08,2193.8470290127852,2.2202448207783188,636758.6225655912,1.4142135623730951
10,2,0.2,44.15981732234233,0.5344085065912427,10255.774149845105,0.3330626025550157,2044.6575677007625,2.252505586097779,536639.1270998573,1.4142135623730951
10,3,0.2,9.561831884801993,0.1157143441181817,1917.6133733697218,0.06227567919272762,1996.152132451643,2.226230986908537,533441.2754407146,1.4142135623730951
10,4,0.2,2.3319013999351865,0.028219952441399524,450.8460464443595,0.014641503935874578,1993.8012571448735,2.222323925473047,533077.7666425719,1.4142135623730951
10,5,0.2,0.4290197503101365,0.0051918648663745615,74.2972788651349,0.002412850039404517,1993.72238990297,2.2221835628604025,533120.8072475266,1.4142135623730951
10,6,0.2,0.07872140792583424,0.000952662229993429,11.631679337180344,0.00037774597368499935,1993.733821317784,2.222205409208211,533125.9150971468,1.4142135623730951
10,7,0.2,0.012425062531994286,0.00015036427944339307,1.922524185878537,6.243516086334049e-05,1993.733386636641,2.2222088129152024,533126.5642355478,1.4142135623730951
10,8,0.2,0.001926199651364596,2.3310274849382595e-05,0.25959645067175213,8.430555140109474e-06,1993.7339425853772,2.2222088172189354,533126.6724239201,1.4142135623730951
10,9,0.2,0.00025123131726855077,3.040324014259656e-06,0.034428759402194864,1.1180952351031126e-06,1993.7340025934827,2.222208777576742,533126.7063310031,1.4142135623730951
10,10,0.2,3.7065056523474884e-05,4.4854989681781505e-07,0.004861858326457478,1.5789185329204597e-07,1993.7339861367204,2.222208775598483,533126.7009023911,1.4142135623730951
10,11,0.2,6.495998385890136e-06,7.86125714896534e-08,0.0012326911566236224,4.003240699073088e-08,1993.7339872221853,2.222208778340156,533126.7011787089,1.4142135623730951
10,12,0.2,3.5153427298433174e-06,4.2541594877963217e-08,0.0008018095922046058,2.6039261944674862e-08,1993.7339848331042,2.22220877621104,533126.7005837404,1.4142135623730951
10,13,0.2,3.4783682397908206e-06,4.2094140988679797e-08,0.0007902700865887168,2.5664509369542906e-08,1993.7339848344825,2.2222087761774394,533126.7005882518,1.4142135623730951
10,14,0.2,3.4758308074970566e-06,4.206343376467141e-08,0.0007889810699031433,2.5622647756196006e-08,1993.733984833632,2.222208776175718,533126.7005876407,1.4142135623730951
10,15,0.2,3.4754937073440836e-06,4.2059354282457814e-08,0.0007887821571647905,2.5616187942109897e-08,1993.7339848333957,2.2222087761755467,533126.7005876407,1.4142135623730951
10,16,0.2,3.4755079238898882e-06,4.205952632671599e-08,0.0007887789955316291,2.5616085266119408e-08,1993.7339848301478,2.222208776173854,533126.700587075,1.4142135623730951
10,17,0.2,3.4755394723166637e-06,4.205990811605889e-08,0.0007887828045830968,2.5616208967419433e-08,1993.7339848322565,2.2222087761753264,533126.7005874707,1.4142135623730951
10,18,0.2,3.4755338696209005e-06,4.205984031396058e-08,0.0007887873102328106,2.5616355291177925e-08,1993.733984832949,2.2222087761766542,533126.7005876402,1.4142135623730951
10,19,0.2,3.4759586956438526e-06,4.206498142763027e-08,0.0007888699905760051,2.561904038641132e-08,1993.733984832938,2.2222087761763762,533126.7005876406,1.4142135623730951
10,20,0.2,3.475916414034756e-06,4.206446974862108e-08,0.0007889299130136783,2.562098640460081e-08,1993.7339848320003,2.222208776175089,533126.700587358,1.4142135623730951
9,2,0.2222222222222222,44.710713618894324,0.6137636047685556,9302.936522713153,0.3664468415170492,1842.5013856156113,2.271979112293742,429008.41823985876,1.4142135623730951
9,3,0.2222222222222222,12.407236613426573,0.17031958679932646,2354.427045250669,0.09274193715156118,1800.442723854428,2.2217582052289324,427212.1466871864,1.4142135623730951
9,4,0.2222222222222222,2.9571416043793404,0.0405939817106372,504.4632979427192,0.019871035531743093,1794.8248990253871,2.2191094745332216,426020.78806486924,1.4142135623730951
9,5,0.2222222222222222,0.64096556382612,0.008798815835052596,99.13882463854866,0.0039051227611637596,1794.866694435459,2.219323665424139,426102.69659176044,1.4142135623730951
9,6,0.2222222222222222,0.13082106502789242,0.001795838222032979,18.634199289357653,0.0007340094664854141,1794.9585315330992,2.2193155145268837,426123.96807524766,1.4142135623730951
9,7,0.2222222222222222,0.021702727185998718,0.00029792286887941893,3.0061441275889798,0.00011841336528637663,1794.9613000253687,2.21931729800595,426124.771216004,1.4142135623730951
9,8,0.2222222222222222,0.004101218425728758,5.629922676641796e-05,0.5112939329725605,2.0140097308756173e-05,1794.959681138613,2.2193171522523985,426124.53078181023,1.4142135623730951
9,9,0.2222222222222222,0.0005203571432354648,7.143171069054489e-06,0.06707573446446875,2.642143260563958e-06,1794.9596040390113,2.2193171335103825,426124.5572352865,1.4142135623730951
9,10,0.2222222222222222,9.765825851234987e-05,1.3405978104234428e-06,0.010924589989943858,4.303244988192355e-07,1794.9596247026318,2.2193171361405826,426124.5570326202,1.4142135623730951
9,11,0.2222222222222222,1.12777166164011e-05,1.5481416966504125e-07,0.001682812782673803,6.62867501642896e-08,1794.959628122181,2.2193171376766427,426124.5575133731,1.4142135623730951
9,12,0.2222222222222222,3.6644315794075168e-06,5.03032618708739e-08,0.0007339384936076567,2.891016639677867e-08,1794.9596256905866,2.2193171361121053,426124.5569944908,1.4142135623730951
9,13,0.2222222222222222,3.2009241515921363e-06,4.3940491816299134e-08,0.0006674890257309685,2.6292692057955665e-08,1794.9596256619343,2.2193171361019424,426124.55699654744,1.4142135623730951
9,14,0.2222222222222222,3.189893993485438e-06,4.378907599103542e-08,0.0006648497429116701,2.6188729524121237e-08,1794.9596256770842,2.219317136103721,426124.55699786765,1.4142135623730951
9,15,0.2222222222222222,3.190471888611315e-06,4.3797009011265424e-08,0.0006649821305219483,2.619394433145911e-08,1794.9596256787001,2.21931713610481,426124.55699778046,1.4142135623730951
9,16,0.2222222222222222,3.1908141664985733e-06,4.3801707610167397e-08,0.0006650014052248543,2.619470357065029e-08,1794.9596256767516,2.2193171361025668,426124.55699749483,1.4142135623730951
9,17,0.2222222222222222,3.1906530156622444e-06,4.379949542185254e-08,0.0006649832236931491,2.6193987391962943e-08,1794.9596256785592,2.219317136104945,426124.55699777754,1.4142135623730951
9,18,0.2222222222222222,3.1906895020022235e-06,4.379999628586784e-08,0.0006649857640428783,2.6194087457477992e-08,1794.9596256785533,2.2193171361047495,426124.5569977637,1.4142135623730951
9,19,0.2222222222222222,3.1906897111360054e-06,4.379999915673913e-08,0.0006649859915558112,2.6194096419314446e-08,1794.9596256787247,2.2193171361055626,426124.5569979049,1.4142135623730951
9,20,0.2222222222222222,3.1908475194060313e-06,4.3802165460178144e-08,0.0006650059756197962,2.6194883600556636e-08,1794.9596256798752,2.2193171361053605,426124.55699789064,1.4142135623730951
8,2,0.25,56.83381130645796,0.911221698285873,10859.000098157285,0.6035481854891724,1635.7931584044738,2.2792492555140633,337735.4991979018,1.4142135623730951
8,3,0.25,13.456366538533057,0.21574715628135252,2302.8675888165517,0.1279944324604908,1614.6154705754557,2.2531459479413356,341490.9801073289,1.4142135623730951
8,4,0.25,4.191596463567623,0.06720424972849122,620.8551983279991,0.03450741550927617,1610.6038205626467,2.2443416655242747,340805.10880429676,1.4142135623730951
8,5,0.25,0.9295606606021303,0.01490373114775365,134.97680957729847,0.00750207272926724,1610.1393475839589,2.2435273521847248,340826.3879696783,1.4142135623730951
8,6,0.25,0.24008187109756343,0.003849254612356315,30.056100240606437,0.0016705317800095618,1610.1259893608812,2.243598238964077,340817.308031605,1.4142135623730951
8,7,0.25,0.037420362599384145,0.000599964098385382,4.68386932288045,0.0002603315964029332,1610.1251851177572,2.2436283148188356,340816.9109323615,1.4142135623730951
8,8,0.25,0.009639650628811869,0.00015455340078293032,1.0516159692822933,5.844929591624839e-05,1610.1271063639883,2.24362688397169,340817.8138741832,1.4142135623730951
8,9,0.25,0.0011560605108588457,1.853522397689932e-05,0.13686254680472149,7.606882865710068e-06,1610.1272690158214,2.2436258928596806,340817.90447049425,1.4142135623730951
8,10,0.25,0.0002764068711981772,4.431656663547886e-06,0.026302903109198812,1.4619273691090923e-06,1610.1272263350047,2.2436259371934657,340817.88618186093,1.4142135623730951
8,11,0.25,3.324490865002835e-05,5.330186630646629e-07,0.0038659893739234345,2.148734552592795e-07,1610.1272259399132,2.2436259656355104,340817.88422692224,1.4142135623730951
8,12,0.25,6.66900235651997e-06,1.0692472515018714e-07,0.0008650598067632697,4.8080419190730474e-08,1610.1272246677515,2.2436259632006315,340817.8843379864,1.4142135623730951
8,13,0.25,2.901726208428453e-06,4.6523641874856175e-08,0.0005252305000184787,2.9192551099020353e-08,1610.1272246296676,2.2436259625539807,340817.88434809376,1.4142135623730951
8,14,0.25,2.784457139546928e-06,4.464345616064411e-08,0.0005015126852533952,2.7874304120860404e-08,1610.12722463876,2.243625962568547,340817.8843436831,1.4142135623730951
8,15,0.25,2.7852459946710735e-06,4.465610394704804e-08,0.0005011156028933712,2.7852234101916125e-08,1610.1272246433377,2.2436259625843897,340817.88434490137,1.4142135623730951
8,16,0.25,2.7857953675797207e-06,4.466491209317272e-08,0.0005010005510975856,2.784583947055449e-08,1610.127224639961,2.2436259625833093,340817.8843446168,1.4142135623730951
8,17,0.25,2.7854186747922335e-06,4.465887254323483e-08,0.0005009264684163945,2.7841721921295362e-08,1610.1272246420558,2.24362596258401,340817.88434518425,1.4142135623730951
8,18,0.25,2.7854228274421634e-06,4.4658939123051216e-08,0.0005009280360864911,2.7841809053115392e-08,1610.127224640906,2.243625962583074,340817.88434512715,1.4142135623730951
8,19,0.25,2.7854056007178075e-06,4.465866292540298e-08,0.0005009241642054154,2.7841593852196653e-08,1610.1272246407423,2.243625962583222,340817.8843449009,1.4142135623730951
8,20,0.25,2.785514910723404e-06,4.4660415502727105e-08,0.0005009281102751356,2.7841813176554137e-08,1610.1272246418755,2.2436259625841117,340817.8843451837,1.4142135623730951
7,2,0.2857142857142857,54.70448353594778,0.9579272617947534,9037.696856059369,0.6002787207763836,1449.9149669041453,2.287137162577458,260326.02788736558,1.4142135623730951
7,3,0.2857142857142857,18.772331427125486,0.3287212835063713,2809.3537123241626,0.18659568687698133,1407.7334782596208,2.2116008941099676,258935.9711917983,1.4142135623730951
7,4,0.2857142857142857,5.718409652062027,0.10013476310805208,783.9116297556537,0.05206696770272405,1395.8931617834282,2.2066974010972227,258053.8527163466,1.4142135623730951
7,5,0.2857142857142857,1.5099882799526347,0.02644132335892889,186.2170580471807,0.012368431821914707,1395.4991733688,2.207743171850397,257951.33722554406,1.4142135623730951
7,6,0.2857142857142857,0.4185066052689102,0.007328446600996122,47.393966642717096,0.003147880496758933,1395.7232372187989,2.2074951469085993,257994.15939099347,1.4142135623730951
7,7,0.2857142857142857,0.08779353215216656,0.0015373478081106519,9.825465328274404,0.0006526018577769528,1395.7483480150092,2.207478382762091,257998.7906576628,1.4142135623730951
7,8,0.2857142857142857,0.020260681904785607,0.0003547837084759625,1.9045843075589812,0.0001265014140174176,1395.741236528224,2.207485252008115,257997.59201191415,1.4142135623730951
7,9,0.2857142857142857,0.0038579700003937762,6.75567046736672e-05,0.4029924056734646,2.6766527978649395e-05,1395.740513496694,2.2074855118106123,257997.42158199416,1.4142135623730951
7,10,0.2857142857142857,0.0007448492335510119,1.304301477001559e-05,0.06316891811153721,4.195643863779159e-06,1395.7407180590362,2.2074853907838365,257997.4823767205,1.4142135623730951
7,11,0.2857142857142857,0.0001323714774505452,2.317949804801677e-06,0.012019562428167287,7.983325479471853e-07,1395.7407296174058,2.207485386489061,257997.48328161953,1.4142135623730951
7,12,0.2857142857142857,2.293185506682969e-05,4.015584776996783e-07,0.0020685266006021798,1.3739036852833794e-07,1395.7407218716776,2.207485388462067,257997.48176144925,1.4142135623730951
7,13,0.2857142857142857,4.55774452076444e-06,7.981041857139394e-08,0.0005880176721582667,3.9055801678103166e-08,1395.7407217954708,2.207485388363732,257997.48178903045,1.4142135623730951
7,14,0.2857142857142857,2.5432522963818395e-06,4.453475384198351e-08,0.00041053895524747325,2.7267765539137418e-08,1395.7407219946722,2.207485388387389,257997.48181677936,1.4142135623730951
7,15,0.2857142857142857,2.475604529187523e-06,4.33501774378868e-08,0.0004002936743788709,2.6587279770279607e-08,1395.7407219866188,2.207485388370986,257997.48181649623,1.4142135623730951
7,16,0.2857142857142857,2.4760414694300967e-06,4.3357828674916794e-08,0.00039992691334566846,2.6562919709597357e-08,1395.7407219821748,2.2074853883747902,257997.48181502483,1.4142135623730951
7,17,0.2857142857142857,2.4758355185176383e-06,4.3354222279592616e-08,0.000399736014008439,2.655024028343666e-08,1395.740721983619,2.2074853883709653,257997.4818159668,1.4142135623730951
7,18,0.2857142857142857,2.47589848777934e-06,4.335532493093928e-08,0.0003997219945860313,2.6549309121318373e-08,1395.740721983125,2.20748538836991,257997.4818156851,1.4142135623730951
7,19,0.2857142857142857,2.4758901905695522e-06,4.335517963894603e-08,0.0003997228852807936,2.6549368280761428e-08,1395.740721982339,2.207485388369752,257997.48181554358,1.4142135623730951
7,20,0.2857142857142857,2.475891430401705e-06,4.335520134958001e-08,0.0003997239138385821,2.6549436596988823e-08,1395.7407219830027,2.207485388370899,257997.48181569748,1.4142135623730951
6,2,0.3333333333333333,56.284934161233465,1.3132562531762355,7948.07178447432,0.8851321417026252,1194.1542815473558,2.180788571582834,179985.82192039952,1.4142135623730951
6,3,0.3333333333333333,25.119602840890213,0.586097789749634,3389.722953445039,0.3774944186365067,1217.7991973958033,2.299129407016132,192110.98434860687,1.4142135623730951
6,4,0.3333333333333333,7.214974305093941,0.16834185317740877,856.1079462633187,0.09533993659756629,1200.6507294357411,2.2654103586586847,189422.6056804797,1.4142135623730951
6,5,0.3333333333333333,2.8883010211201854,0.06739066916514033,321.50048051883357,0.03580370391670784,1200.6605585305074,2.263110615965133,189459.73494151112,1.4142135623730951
6,6,0.3333333333333333,0.6664933811815232,0.015550815037464484,62.75379798227449,0.006988538241001586,1200.7122966177706,2.2634514107029546,189552.03767620152,1.4142135623730951
6,7,0.3333333333333333,0.22232183156585417,0.005187276841882575,21.977949915547743,0.002447560918735265,1200.7496105998255,2.2637875197185897,189554.02266129613,1.4142135623730951
6,8,0.3333333333333333,0.04637087608914322,0.0010819386021645333,4.350016817950407,0.0004844369561477912,1200.7363549192023,2.263761063218939,189553.58710845784,1.4142135623730951
6,9,0.3333333333333333,0.011987915959578311,0.00027970549901274686,0.9969990236491202,0.0001110301850571847,1200.7364586871302,2.2637470363381396,189553.45290377183,1.4142135623730951
6,10,0.3333333333333333,0.0024279651763827316,5.664998099215842e-05,0.2196147167915884,2.4457258300418184e-05,1200.736929907487,2.2637473474411824,189553.6362540212,1.4142135623730951
6,11,0.3333333333333333,0.0005174291560477274,1.207280571402713e-05,0.03861348270872267,4.300166829812986e-06,1200.736835510371,2.263747642814566,189553.6243362085,1.4142135623730951
6,12,0.3333333333333333,0.00010267434502870801,2.395627314113397e-06,0.008693968225674292,9.68198441604113e-07,1200.7368199248328,2.263747656785266,189553.6135135865,1.4142135623730951
6,13,0.3333333333333333,1.8730377569576616e-05,4.3702255024649635e-07,0.001340793503171997,1.4931664650561382e-07,1200.736824855511,2.2637476557326965,189553.61528731868,1.4142135623730951
6,14,0.3333333333333333,4.198640316656608e-06,9.796388203799056e-08,0.0004678734526809147,5.210444022740419e-08,1200.736825171172,2.2637476544468798,189553.6153959586,1.4142135623730951
6,15,0.3333333333333333,2.116433534993246e-06,4.938123523960885e-08,0.0002853822661333168,3.178142111398131e-08,1200.7368249919193,2.2637476542218224,189553.61534711788,1.4142135623730951
6,16,0.3333333333333333,2.0480592540725193e-06,4.778590687485758e-08,0.00027610143262390437,3.0747866779832194e-08,1200.7368250067045,2.263747654298163,189553.6153490016,1.4142135623730951
6,17,0.3333333333333333,2.047293846062098e-06,4.776804815527487e-08,0.00027469922669861956,3.0591710976586955e-08,1200.736825003446,2.26374765429907,189553.61534861694,1.4142135623730951
6,18,0.3333333333333333,2.048007364659306e-06,4.778469617616189e-08,0.00027467190703764913,3.0588668539291336e-08,1200.7368250069178,2.2637476543043644,189553.61534803992,1.4142135623730951
6,19,0.3333333333333333,2.046534559036487e-06,4.7750332252268164e-08,0.00027444188923663376,3.056305274789396e-08,1200.736825006977,2.2637476543036974,189553.61534809647,1.4142135623730951
6,20,0.3333333333333333,2.0471984705068736e-06,4.776582282542124e-08,0.00027451209814381293,3.057087151980031e-08,1200.7368250069562,2.26374765430381,189553.6153480965,1.4142135623730951
5,2,0.4,70.74492987278754,1.6890322006208955,8026.424652490956,1.0372401642511497,1081.928700356707,2.3294965291822227,135060.92813866682,1.4142135623730951
5,3,0.4,31.879954533397186,0.7611325625463689,3655.661479289463,0.4724144407246183,1024.5991744348667,2.2101462249369956,134533.45467349715,1.4142135623730951
5,4,0.4,11.266556371438481,0.2689885555853798,1126.5206889014166,0.14557820635939003,997.8847779842705,2.203901676298963,132748.7101458895,1.4142135623730951
5,5,0.4,4.742702538964772,0.11323182199321528,447.2857827744209,0.05780192288333042,997.0669881775399,2.207877894349714,132849.9423533224,1.4142135623730951
5,6,0.4,1.6133807729563612,0.038519397535428636,143.26082475446574,0.018513334122305793,996.9865599207593,2.2063668013433886,132861.7359270108,1.4142135623730951
5,7,0.4,0.524161042328628,0.012514322657412239,39.429862799329115,0.005095448987200533,997.0204321610964,2.206155937090282,132877.92086008977,1.4142135623730951
5,8,0.4,0.1582038958060219,0.0037771113033900757,12.308662141059575,0.0015906258756122956,996.9822686374722,2.206173289375589,132864.62857904902,1.4142135623730951
5,9,0.4,0.04311027616917618,0.001029256015354491,3.130136635106237,0.00040450182716392143,996.9854729832796,2.206196642810667,132865.66457845198,1.4142135623730951
5,10,0.4,0.011908885863667453,0.00028432414497297386,0.7782379857723682,0.0001005702702184464,996.9889663819525,2.2061953817533833,132866.06585491498,1.4142135623730951
5,11,0.4,0.00273604122085997,6.532286812028056e-05,0.18221987157993136,2.3547940423104143e-05,996.9887341250775,2.206193808836372,132866.0404354908,1.4142135623730951
5,12,0.4,0.0007430624849298976,1.7740585316527976e-05,0.04532740772150721,5.857577921141264e-06,996.9885207079691,2.2061939536338095,132866.0083186524,1.4142135623730951
5,13,0.4,0.00014394117402463327,3.4365894257010167e-06,0.009108801950205227,1.177113800978612e-06,996.9885252604305,2.2061940349644718,132866.0075187514,1.4142135623730951
5,14,0.4,3.885581094444523e-05,9.276808385338478e-07,0.0023160472234886485,2.992985428149812e-07,996.9885343557712,2.20619402407758,132866.00954944515,1.4142135623730951
5,15,0.4,7.034287812753369e-06,1.6794332322528344e-07,0.0005085488022966031,6.571883074491348e-08,996.988534531096,2.2061940204010386,132866.00959846273,1.4142135623730951
5,16,0.4,2.459388263009932e-06,5.87177904836785e-08,0.000247492648952582,3.198302195123204e-08,996.9885342001782,2.2061940209335105,132866.00953307148,1.4142135623730951
5,17,0.4,1.7894922665562335e-06,4.272405197673644e-08,0.00020639858623024653,2.6672511454552303e-08,996.988534230655,2.206194021102794,132866.00954001615,1.4142135623730951
5,18,0.4,1.7577321745111937e-06,4.196578112601657e-08,0.0002021295911438351,2.61208370345797e-08,996.9885342270516,2.20619402108035,132866.00954127542,1.4142135623730951
5,19,0.4,1.755437348012315e-06,4.191099224067293e-08,0.00020171181151382904,2.6066848137803127e-08,996.9885342259782,2.206194021070586,132866.00954097288,1.4142135623730951
5,20,0.4,1.75716466872691e-06,4.195223194948311e-08,0.00020193508021710142,2.609570074359972e-08,996.9885342283293,2.2061940210690163,132866.0095411149,1.4142135623730951
4,2,0.5,88.80523562400228,2.201052512784751,8197.994757801083,1.8650673412206176,1071.0674538418648,2.2319730427219207,100751.00683668922,1.4142135623730951
4,3,0.5,45.27485589335926,1.1221448220910057,4081.8161521785632,0.9286248922092522,784.3097571095964,2.0994692447302508,79114.82960611084,1.4142135623730951
4,4,0.5,18.070509513587066,0.44788057925530017,1548.6686039545705,0.35232655313189454,790.8693977406384,2.1617589034497544,82734.5078735692,1.4142135623730951
4,5,0.5,8.689763059843255,0.21537722054309327,690.0289498786128,0.15698356694979798,782.296485998244,2.1470865182648007,81736.12682018253,1.4142135623730951
4,6,0.5,3.55019379145632,0.08799214270026376,255.8773010486089,0.058212820530449044,783.3236770247889,2.1462955631568024,82144.42742093756,1.4142135623730951
4,7,0.5,1.4108209289541151,0.03496743101849812,93.61041804712852,0.02129663883129123,782.8120731235322,2.144509864443354,82059.4676549789,1.4142135623730951
4,8,0.5,0.5937545623939811,0.014716305433476686,39.066185694843924,0.008887669392101042,782.7728436239554,2.1449587854721064,82071.67613297932,1.4142135623730951
4,9,0.5,0.1498208427165079,0.0037133344674057725,9.738495526770732,0.002215535688446201,782.7990985456673,2.1451205949864987,82067.81109953811,1.4142135623730951
4,10,0.5,0.0702782639781522,0.0017418584437768597,4.054219636648016,0.000922346605705283,782.8054126019821,2.1450583962546945,82069.38093095196,1.4142135623730951
4,11,0.5,0.016003744731011668,0.00039665547089251025,0.9808099441169307,0.00022313707787824524,782.8022861520951,2.145046915937868,82068.66935485235,1.4142135623730951
4,12,0.5,0.005569222974105034,0.00013803411629144212,0.30489767446178784,6.936509620376045e-05,782.8022583173064,2.1450524776399296,82068.73641514884,1.4142135623730951
4,13,0.5,0.001714665840474233,4.249827760990627e-05,0.09834269899187906,2.2373246331086982e-05,782.8024520772343,2.1450527316949923,82068.74064623233,1.4142135623730951
4,14,0.5,0.00031677651295141437,7.851358480427829e-06,0.01811694168490285,4.121656241260383e-06,782.8024242778221,2.1450524248361007,82068.73759735234,1.4142135623730951
4,15,0.5,0.00013862236468473817,3.4357783296623622e-06,0.007103249236925665,1.6160095925572172e-06,782.8024157263351,2.1450524562854056,82068.73720502392,1.4142135623730951
4,16,0.5,2.0851571771942575e-05,5.168096691783471e-07,0.0011785809697981036,2.681305539580709e-07,782.8024185892692,2.1450524636974446,82068.7375893422,1.4142135623730951
4,17,0.5,8.169057329821985e-06,2.0247144255115958e-07,0.00044900981977326554,1.0215102296199743e-07,782.8024187090869,2.145052459678055,82068.73752617162,1.4142135623730951
4,18,0.5,2.2047702014165546e-06,5.4645595587263214e-08,0.00016684811490645126,3.7958425108790207e-08,782.8024185812626,2.1450524602060925,82068.73754100586,1.4142135623730951
4,19,0.5,1.3514508806445997e-06,3.3495934511590685e-08,0.00011848540270262457,2.6955769248541416e-08,782.802418623812,2.145052460478399,82068.73754648045,1.4142135623730951
4,20,0.5,1.3092000785632068e-06,3.244874136543247e-08,0.00011384999243081152,2.5901200104923668e-08,782.8024186126779,2.1450524603534764,82068.7375469897,1.4142135623730951
3,2,0.6666666666666666,167.59948239574703,7.414399070220564,7447.379138917265,3.114374638740825,1138.9253244292463,2.2922883629843365,71054.52790642566,1.4142135623730951
3,3,0.6666666666666666,44.622086690310475,1.9740273259718304,2984.863821579167,1.248222228601708,586.155023135939,2.0721683211781095,43873.98970469429,1.4142135623730951
3,4,0.6666666666666666,29.236078548154868,1.2933688726584962,2100.343559769647,0.8783300263319496,633.6739535781866,2.0885744296242152,49071.699831197235,1.4142135623730951
3,5,0.6666666666666666,15.596794445901525,0.6899833853010037,996.9280521955648,0.41689933928334255,606.62074474074,2.086611868853855,47810.718375697776,1.4142135623730951
3,6,0.6666666666666666,7.795460569324436,0.3448617786340302,475.8694178417127,0.1990009664653727,599.5282054588693,2.0792053623177282,47252.43571997284,1.4142135623730951
3,7,0.6666666666666666,5.011599460493973,0.221707118954368,279.07709127637014,0.1167055683767762,599.9551650594224,2.0788424648921273,47406.99566562623,1.4142135623730951
3,8,0.6666666666666666,1.9983874138931097,0.08840625025632859,103.75063168442946,0.04338685194403892,599.9188972055134,2.0766424847733775,47387.04543930569,1.4142135623730951
3,9,0.6666666666666666,1.0773230011208406,0.04765947092232954,52.36751472147433,0.021899255657629586,600.1127206205433,2.077262656233236,47411.432219396454,1.4142135623730951
3,10,0.6666666666666666,0.4262454009927725,0.018856582727052623,20.387531607275413,0.00852573908214597,599.9588230123762,2.0774070814839916,47397.25343152542,1.4142135623730951
3,11,0.6666666666666666,0.18342865048927742,0.00811466238558039,7.744410963112764,0.003238588588765112,599.9424987946122,2.077308512328684,47394.876515416065,1.4142135623730951
3,12,0.6666666666666666,0.07104834069463901,0.0031430929478837868,3.0344051621882606,0.0012689396235246973,599.9611932444037,2.077288864208489,47395.65891503545,1.4142135623730951
3,13,0.6666666666666666,0.027138017921302614,0.001200553199610842,1.1329239509415403,0.0004737706452994356,599.9623315303058,2.0772984125138425,47396.08843028294,1.4142135623730951
3,14,0.6666666666666666,0.009729200954538188,0.0004304081222696394,0.35989755601719015,0.00015050339187749448,599.96005098154,2.077299742687329,47395.767039066,1.4142135623730951
3,15,0.6666666666666666,0.0035188671013280564,0.0001556704387828022,0.13875437716296232,5.8024857495496666e-05,599.9599258233004,2.0772990791595074,47395.65535645873,1.4142135623730951
3,16,0.6666666666666666,0.0011800095757524998,5.2202201201623226e-05,0.03690551513601415,1.543329515327701e-05,599.960152278364,2.0772990963604148,47395.70122517231,1.4142135623730951
3,17,0.6666666666666666,0.00039569811477199604,1.750520760753833e-05,0.014716577167142437,6.154236791694227e-06,599.9601820296108,2.0772991407062475,47395.71199370747,1.4142135623730951
3,18,0.6666666666666666,0.0001324329149043903,5.858672515558002e-06,0.0040200024919666314,1.681100636226771e-06,599.9601587512992,2.077299120451429,47395.706853450814,1.4142135623730951
3,19,0.6666666666666666,3.920141954203711e-05,1.7342235456162828e-06,0.0013143137019648156,5.496249330665724e-07,599.9601549936926,2.077299117375127,47395.70606938186,1.4142135623730951
3,20,0.6666666666666666,1.3809884451802005e-05,6.109326411731955e-07,0.0004370771698424854,1.8277866985672945e-07,599.9601572699663,2.077299120046983,47395.70649927606,1.4142135623730951
2,2,1.0,104.486047261449,7.646491505405933,4662.832933811652,5.743836481608522,490.630544251188,2.005199809983439,23166.255497758964,1.4142135623730951
2,3,1.0,97.97139270710652,7.169736455176243,3065.9975672592695,3.7768002691340095,816.1284083408356,2.2532168909672996,34352.96506310653,1.4142135623730951
2,4,1.0,20.545140330898416,1.5035332002223256,925.7955731157049,1.1404265310073518,366.8245667661387,2.010302074061794,18498.406894208718,1.4142135623730951
2,5,1.0,50.78201877170879,3.716326584674086,1685.14427806528,2.0758181385694456,490.9679702879752,2.275480566027985,22622.693241985537,1.4142135623730951
2,6,1.0,16.91823962245008,1.238109574915626,731.4463402712104,0.9010205240517682,390.7663795631688,2.2247225628345304,20139.077826906498,1.4142135623730951
2,7,1.0,7.508323817139333,0.5494736933050364,339.21126390668286,0.41785199260978767,382.8079649042635,2.192758317367684,19872.235241645107,1.4142135623730951
2,8,1.0,6.427756831631897,0.47039570641335265,269.2171169267,0.33163081749381595,379.8918671299563,2.163464826782664,19965.60658037017,1.4142135623730951
2,9,1.0,4.347233926508473,0.31813900671237366,171.96725256601871,0.21183512104158603,379.1458209485901,2.1566419154925227,19999.860034304966,1.4142135623730951
2,10,1.0,1.8291623070431977,0.13386164382136628,68.37681065559096,0.08422888512511437,377.9844667519109,2.152308705876208,19968.288031375767,1.4142135623730951
2,11,1.0,1.0718630400610016,0.07844101528959846,40.64172964322005,0.05006386733430996,377.98273301910075,2.1541551335867655,19987.46764553059,1.4142135623730951
2,12,1.0,0.6147555189669256,0.04498900070283722,22.184261236334933,0.027327328861133374,377.98028625137493,2.1543622070059762,19992.274127323068,1.4142135623730951
2,13,1.0,0.23163963882878277,0.016951837848622454,8.017783118619338,0.00987657843033733,377.97396625020775,2.1539460329357025,19991.65667841541,1.4142135623730951
2,14,1.0,0.1378867368288546,0.010090818721773882,4.831447038980186,0.005951541081436229,377.9726300287962,2.1538872339419677,19993.95143793928,1.4142135623730951
2,15,1.0,0.0678253679553492,0.004963591919827183,2.3495518115375433,0.0028942579762356673,377.9719405159676,2.1538998672708383,19993.611685217817,1.4142135623730951
2,16,1.0,0.022914601704503948,0.0016769349772110412,0.7394745184917207,0.0009109099075228006,377.9714547851806,2.1538949486252705,19993.592477730435,1.4142135623730951
2,17,1.0,0.013439067572819041,0.0009834970192623214,0.4325563328903578,0.0005328376290710131,377.97150910362734,2.153904474669626,19993.684258089885,1.4142135623730951
2,18,1.0,0.005828084659321205,0.00042651053426086136,0.1847680202266021,0.0002276035427983033,377.9715474987506,2.153907089985892,19993.677048627538,1.4142135623730951
2,19,1.0,0.0018562934951250013,0.00013584715676435256,0.056451896366264645,6.953936939350614e-05,377.9715470598312,2.1539048997768653,19993.674232428213,1.4142135623730951
2,20,1.0,0.0010761190601081888,7.8752479087786e-05,0.032791991506484125,4.039429243834634e-05,377.97154766787986,2.153904649952553,19993.67655156366,1.4142135623730951
1,2,2.0,36.307262760754384,5.014478266694051,734.3423924659503,3.2615057705558765,160.96798277875507,1.6523433150982465,3479.828451478823,1.4142135623730951
1,3,2.0,19.490678822538268,2.6919017829230985,439.77805825736317,1.9532287519908573,213.7467223886518,1.8246430714141393,5100.699414299185,1.4142135623730951
1,4,2.0,119.67005855287697,16.52790274336114,1969.3817913350827,8.746805499404513,514.1601074018714,1.6159573142893051,7911.052130082502,1.4142135623730951
1,5,2.0,75.8571412085379,10.476801527845375,1233.261962958369,5.477405431121548,456.20048853784016,2.0637707030224712,8645.295791251887,1.4142135623730951
1,6,2.0,42.910112109139895,5.926412740353232,812.4835793559303,3.608561768649534,403.0115683297806,2.1791473989526247,7735.398889040731,1.4142135623730951
1,7,2.0,36.26298095746867,5.008362406579522,621.4184231856605,2.759965642653187,292.31937553520305,2.2064845364111116,6221.762510638236,1.4142135623730951
1,8,2.0,43.7971599746538,6.048924929510739,710.1758360944989,3.154172510391944,435.5104355505148,2.309389397706821,8304.734119354698,1.4142135623730951
1,9,2.0,12.148300026208167,1.6778292227677123,282.26842551135434,1.2536660120622012,202.2500010330426,2.126548165691321,4962.673217666213,1.4142135623730951
1,10,2.0,21.03761562499895,2.9055527272810724,382.26072635797044,1.6977714723601633,253.50005707147267,2.3936780046663926,5964.453540247323,1.4142135623730951
1,11,2.0,7.793479143914872,1.0763750505405074,161.99847370068102,0.71949946267131,201.8329774093704,2.181202517503884,5050.872594145128,1.4142135623730951
1,12,2.0,9.60305840128715,1.326300139020659,185.91625415315144,0.825727810326233,213.84197790998536,2.318884298252718,5431.118310285203,1.4142135623730951
1,13,2.0,7.839670465134299,1.0827546385003872,152.9623417490934,0.6793664173698652,204.5193846430251,2.244471042312005,5188.175963868616,1.4142135623730951
1,14,2.0,6.876530512933799,0.9497331989630983,133.43925709997785,0.5926566565070622,204.64949727373465,2.2523846595302297,5271.919593692211,1.4142135623730951
1,15,2.0,6.402195976008763,0.8842217820814043,114.42514827542868,0.5082074591170042,201.0450445915044,2.222134494605771,5178.836352970306,1.4142135623730951
1,16,2.0,5.124317296471648,0.7077310642810792,90.20610082762529,0.40064106526750304,197.90644269864472,2.1866608075117235,5152.607721029166,1.4142135623730951
1,17,2.0,5.186663682014791,0.7163418647529605,85.01247739405878,0.3775741240525345,197.48876145624087,2.181819403984726,5137.68302118395,1.4142135623730951
1,18,2.0,3.4542176682249823,0.4770698231888656,59.42999450242868,0.26395217272270255,194.7472852379591,2.1620995182251472,5101.636202823452,1.4142135623730951
1,19,2.0,3.4720222595848735,0.47952885561468783,52.98974922274394,0.23534848953759901,194.71654922740208,2.1646322224977252,5133.575818658155,1.4142135623730951
1,20,2.0,2.287332948381186,0.3159087324740084,37.307310288641354,0.16569655931441316,193.54543898099837,2.15204317699049,5100.367189502881,1.4142135623730951
