,K,N,l2phi,relL2phi,l1phi,relL1phi,l2u,relL2u,l1u,relL1u
0,1,2,37.2421309396179,4.854467381947862,739.0024407817423,4.2307301001461335,110.44689238549827,1.7803484226585775,2135.1778821879775,1.4142135623730951
1,1,3,17.148894960045002,2.2353380195929966,377.29359511822076,2.159975774600231,178.81690605097617,1.8505392016705053,4038.810491393766,1.4142135623730951
2,1,4,119.61398327455119,15.591540161131377,1980.1346227567944,11.336112965982576,500.6480206704669,1.5976086626485169,7147.127867525715,1.4142135623730951
3,1,5,75.66245234590723,9.86251048703175,1200.6218513082172,6.873464450062671,440.91576326994283,2.02642146303822,7957.385239241314,1.4142135623730951
4,1,6,44.252972741930975,5.768322255196277,864.3965297308703,4.948601269741037,385.6243622560453,2.1765911727796134,6945.105298445949,1.4142135623730951
5,1,7,38.18935792939131,4.977937291137835,702.2646115961437,4.020408954812537,267.84032906013863,2.4062004134462116,5351.677512807136,1.4142135623730951
6,1,8,46.11377212414246,6.010875236923886,798.6097440596111,4.571977162739664,419.4724830440625,2.328126679657333,7636.464415657754,1.4142135623730951
7,1,9,16.957499805196242,2.2103898892676246,411.7430831059401,2.357196348878837,164.9026606080629,2.1980653188038675,3948.11611846508,1.4142135623730951
8,1,10,25.46549084813523,3.319396381694603,543.2939123792762,3.1103143663472825,224.83350171402873,2.42247382408481,5173.988415716331,1.4142135623730951
9,1,11,15.025202363209477,1.9585172206613453,331.15840768227145,1.8958555019328218,164.390922278828,2.1861297754475695,4014.457101078711,1.4142135623730951
10,1,12,16.749204805040403,2.1832388842481003,377.942681324251,2.1636917414196866,178.93075776458028,2.2116852576645747,4440.199914982213,1.4142135623730951
11,1,13,15.704202833462643,2.047024122710411,340.12582966140565,1.9471932783652002,167.67827304845994,2.190003378642087,4189.926109769964,1.4142135623730951
12,1,14,15.5958787554476,2.032904208244287,338.06366464881273,1.9353875479524345,167.83694853084222,2.139271081323669,4270.234285080235,1.4142135623730951
13,1,15,15.315260652075269,1.996325972916837,322.16020446820187,1.8443415053826544,163.4225642699081,2.1199079649623083,4124.719689998039,1.4142135623730951
14,1,16,15.097665072029521,1.9679626483933088,312.5409276767304,1.7892719120802763,159.54555656421206,2.0923283396246584,4089.220752438434,1.4142135623730951
15,1,17,15.134777069955645,1.9728001530920434,311.41443383070754,1.7828228245549944,159.02715321375862,2.0741029258771664,4069.569860940578,1.4142135623730951
16,1,18,14.719815153411671,1.9187103618317274,296.03136657190464,1.69475599000497,155.6095423337119,2.0378295432321187,3999.50948219801,1.4142135623730951
17,1,19,14.789757362763464,1.9278272454619938,295.85125799300465,1.6937248827392881,155.5710741133439,2.030980878849916,4015.144407068215,1.4142135623730951
18,1,20,14.563237627137251,1.8983006678945669,286.8323338898908,1.6420922607500916,154.10276281786645,2.015346501787072,3977.5561381721564,1.4142135623730951
19,2,2,109.45997795306943,7.97384761703065,5002.048882797687,8.336263710390995,434.58015170664737,2.062392299257481,19984.0042950163,1.4142135623730951
20,2,3,99.08843977342461,7.2183106020847765,3153.3009657117427,5.255196225451777,783.7136953033942,2.186727120463724,31752.295130913655,1.4142135623730951
21,2,4,29.61509292643756,2.157375166481965,1344.754587598924,2.2411274121161218,287.57927618018823,2.2692828716085134,14316.179748926394,1.4142135623730951
22,2,5,57.26969523525453,4.171934175571432,2167.75950705843,3.612722573282609,434.9610616524769,2.4863176819963195,19319.742959921787,1.4142135623730951
23,2,6,31.396657771954906,2.2871570910142798,1442.72125476485,2.404395703062229,317.5530517914482,2.0099979856572356,16116.787733542968,1.4142135623730951
24,2,7,27.59579934176462,2.010275380429267,1134.672751603943,1.8910113643421629,307.7068658631125,1.9572490544197014,15697.783797492439,1.4142135623730951
25,2,8,27.478952563883638,2.0017634254774443,1090.0751229206762,1.8166863022980129,304.071386382606,1.927550088466693,15545.437460788136,1.4142135623730951
26,2,9,27.230474011048106,1.9836624706493673,1055.5273638416543,1.759110049639582,303.13879799183735,1.926339032804931,15595.601722552801,1.4142135623730951
27,2,10,26.94567098777815,1.9629153816137936,998.0105761200143,1.663254307031566,301.6849920212839,1.9217378435075667,15558.302743726857,1.4142135623730951
28,2,11,26.89133516466405,1.9589571716656469,988.543147139533,1.6474761756118368,301.68281980541155,1.9201939407005335,15574.241407551523,1.4142135623730951
29,2,12,26.889450655421754,1.9588198905350276,981.9973900174699,1.6365672143377183,301.6797542093719,1.9201283645498792,15576.510171545156,1.4142135623730951
30,2,13,26.882966281109685,1.958347522335955,976.6277880313277,1.6276183977177408,301.6718357223108,1.920051258029867,15574.822734990585,1.4142135623730951
31,2,14,26.883027373680086,1.9583519727556977,976.2151268228753,1.6269306690015064,301.6701615275215,1.9200543395216292,15576.39126829015,1.4142135623730951
32,2,15,26.882769446989535,1.9583331835309483,975.4066005983378,1.625583203596342,301.6692976133998,1.920056028108054,15576.190129994098,1.4142135623730951
33,2,16,26.882654682513483,1.9583248232657535,975.0313655856378,1.624957848248457,301.6686890242033,1.920055877727382,15576.158090837956,1.4142135623730951
34,2,17,26.882634906318227,1.958323382626258,974.9910520416299,1.6248906629126427,301.66875708171887,1.920055270385778,15576.217818075298,1.4142135623730951
35,2,18,26.882637942802585,1.9583236038254948,974.9190604071055,1.624770683827192,301.66880518833227,1.920055114580799,15576.209398286564,1.4142135623730951
36,2,19,26.882639573833615,1.9583237226414596,974.8901678387269,1.624722532344686,301.66880463839453,1.9200551514792503,15576.205557220808,1.4142135623730951
37,2,20,26.882640021887994,1.958323755280945,974.8873891242627,1.6247179014230193,301.6688054002403,1.9200551554961152,15576.209901807062,1.4142135623730951
38,3,2,176.29107458891983,6.07461890422927,8811.043015229008,3.9740468115697656,1077.5508386740528,2.2242105571336444,64570.88751572189,1.4142135623730951
39,3,3,65.90320598875198,2.270885590107749,4674.486487125762,2.1083347440002553,455.56846516016,2.353838652225682,33901.44015875949,1.4142135623730951
40,3,4,55.831457843923424,1.923834374827126,4033.6349581365484,1.8192913275662022,515.2742907853063,2.2366508492520105,39594.91398196511,1.4142135623730951
41,3,5,52.8378768652299,1.8206818831487084,3532.1143086943307,1.5930903506322085,481.6156592664951,2.1993517705693826,37680.50913042957,1.4142135623730951
42,3,6,50.565937755727084,1.742395649452388,3315.1165404155677,1.4952177959692168,472.65101760349864,2.180670431160517,36983.98557116488,1.4142135623730951
43,3,7,50.04118216591252,1.7243136777279506,3233.435969374449,1.4583773887266107,473.19247181497866,2.179737650225941,36954.03669073679,1.4142135623730951
44,3,8,50.19537891136527,1.729626972613027,3237.7793794561035,1.4603363980012796,473.146487385429,2.177952174012276,37020.150919281616,1.4142135623730951
45,3,9,50.28222153806037,1.7326193865117174,3238.4809909215196,1.4606528459861865,473.3922187272208,2.17870968277881,37051.29634980637,1.4142135623730951
46,3,10,50.19769503925201,1.729706781498861,3228.6147632720576,1.4562028789998946,473.19710968188133,2.178699079337384,37029.01081916766,1.4142135623730951
47,3,11,50.18421331390445,1.7292422296555592,3227.918848658751,1.4558890004675398,473.17641230392485,2.178565417091157,37027.45121134351,1.4142135623730951
48,3,12,50.196130805277136,1.7296528812926446,3229.0038656148504,1.456378375921437,473.2001148564309,2.178583965200672,37029.18608278052,1.4142135623730951
49,3,13,50.19775123110077,1.729708717751547,3228.6753440272346,1.456230202752206,473.201558066086,2.178599196704997,37029.65784226275,1.4142135623730951
50,3,14,50.196360241804456,1.7296607871918481,3228.606240432123,1.4561990349413865,473.1986666027947,2.178594911083284,37029.237632246375,1.4142135623730951
51,3,15,50.196112658836554,1.729652256004545,3228.606632268695,1.4561992116715283,473.1985079169109,2.178593795030635,37029.1322998092,1.4142135623730951
52,3,16,50.19623491537012,1.7296564687070413,3228.609648914328,1.4562005722699203,473.1987950352035,2.178594461611756,37029.185925251426,1.4142135623730951
53,3,17,50.196273089648386,1.7296577841122196,3228.6073208753,1.456199522253928,473.1988327562679,2.1785944886920743,37029.19480763901,1.4142135623730951
54,3,18,50.196263027801926,1.7296574374021956,3228.6063598531227,1.4561990888038683,473.1988032421203,2.178594416434149,37029.188191798254,1.4142135623730951
55,3,19,50.196257737710155,1.7296572551167817,3228.606115818927,1.4561989787370673,473.1987984779191,2.1785944162536235,37029.18746901671,1.4142135623730951
56,3,20,50.196258678491176,1.729657287534113,3228.606132362221,1.4561989861985933,473.1988013639652,2.1785944224219804,37029.18784636546,1.4142135623730951
57,4,2,114.57846696771398,3.3794174676814954,11239.59147580951,3.3442550441737766,948.3556015170963,2.0624676452668047,88158.43530606112,1.4142135623730951
58,4,3,79.14671985413707,2.3343810985019773,7438.827578227903,2.2133666250032387,606.0813900350943,2.432394450899322,60366.87485804398,1.4142135623730951
59,4,4,67.82508195838706,2.000456741856121,5775.858994864382,1.7185629584121958,614.5463859890465,2.3048893317406938,63340.327273493655,1.4142135623730951
60,4,5,66.10975867891227,1.9498643957828294,5409.023751903507,1.609413919117219,603.4738173730145,2.2871969221446755,62184.47563415659,1.4142135623730951
61,4,6,67.08457919012874,1.978616093642318,5334.4006810672445,1.5872103913828681,604.8047943239156,2.2953944100300614,62447.551890093964,1.4142135623730951
62,4,7,66.67652613311667,1.9665808337448716,5284.483777567728,1.5723579960198266,604.1420346884667,2.2955420813671656,62362.92223789957,1.4142135623730951
63,4,8,66.52807168394476,1.9622022661835867,5259.4955932361,1.5649229516344816,604.0912025221777,2.2948244155608837,62352.46833120878,1.4142135623730951
64,4,9,66.59566893121611,1.964196003089321,5262.552217214613,1.565832426874777,604.1252228913038,2.2948571297569718,62349.669573500185,1.4142135623730951
65,4,10,66.59899893512416,1.964294219391844,5261.477565662395,1.5655126724707162,604.1334043475144,2.2949226132442964,62351.16200689063,1.4142135623730951
66,4,11,66.5911030536423,1.9640613354956922,5260.487814690214,1.5652181795891629,604.1293532468892,2.2949089937799996,62350.36601937429,1.4142135623730951
67,4,12,66.59206753022468,1.9640897821060888,5260.5711464119295,1.5652429743097973,604.1293171798839,2.2949056645840678,62350.3215454345,1.4142135623730951
68,4,13,66.59261022449311,1.9641057885210713,5260.577244284887,1.5652447886855634,604.1295682448343,2.2949071642252377,62350.32488741823,1.4142135623730951
69,4,14,66.5924549529654,1.964101208888206,5260.554727532149,1.5652380889968707,604.1295322236725,2.2949071976943616,62350.32576027686,1.4142135623730951
70,4,15,66.59243710295716,1.964100682413806,5260.551841314667,1.5652372302247888,604.1295211430607,2.2949070911575764,62350.32308897847,1.4142135623730951
71,4,16,66.59245035129348,1.9641010731648814,5260.5518712397,1.5652372391287548,604.1295248527151,2.294907102607086,62350.32338403754,1.4142135623730951
72,4,17,66.59244973176764,1.9641010548923692,5260.55171121079,1.5652371915133687,604.1295250079692,2.294907107783961,62350.32346458105,1.4142135623730951
73,4,18,66.59244897210782,1.964101032486696,5260.551592244674,1.5652371561159049,604.1295248423406,2.2949071062442763,62350.32344830032,1.4142135623730951
74,4,19,66.592449107126,1.9641010364689697,5260.551595338245,1.5652371570363732,604.1295248974742,2.294907106111624,62350.32344886137,1.4142135623730951
75,4,20,66.5924491321225,1.964101037206225,5260.551595148755,1.565237156979992,604.1295248830471,2.29490710627068,62350.32344926766,1.4142135623730951
76,5,2,113.5815538535156,2.3686179598006296,13631.107064433134,2.119981495359724,893.2964485132529,2.223405856245897,109818.7981866443,1.4142135623730951
77,5,3,96.43624520647437,2.011071469108295,10906.60915037224,1.6962532438939315,822.9290981144414,2.365587638970997,106786.55623410814,1.4142135623730951
78,5,4,89.25662249967255,1.8613483608133046,9718.644245160245,1.5114946909545681,789.4193197557016,2.289343802624228,103742.56986108357,1.4142135623730951
79,5,5,88.41565179920477,1.8438108449296686,9535.44006004503,1.483001812094412,788.3853189806798,2.2890089085813443,103730.77083117643,1.4142135623730951
80,5,6,88.63406266627148,1.8483655625294737,9552.145287725858,1.485599897003563,788.2835993051373,2.2885073088998666,103769.39543286421,1.4142135623730951
81,5,7,88.65270135519211,1.848754251817714,9539.5510770496,1.4836411790904749,788.3264389943654,2.2885690074163514,103781.81573628637,1.4142135623730951
82,5,8,88.60790524644123,1.8478200784056005,9534.169365318674,1.482804186964377,788.278171871046,2.2886320871721773,103766.3918947223,1.4142135623730951
83,5,9,88.60557953390992,1.8477715782373592,9533.41844470489,1.4826873998392978,788.2822245937881,2.2886144694603,103767.18582530564,1.4142135623730951
84,5,10,88.60959123734699,1.847855237885322,9533.811449053912,1.4827485219435834,788.2866428896228,2.2886089744186258,103767.68155628415,1.4142135623730951
85,5,11,88.60976106855071,1.8478587795276538,9533.753534644882,1.4827395147899547,788.2863491417074,2.288610107426524,103767.64985515724,1.4142135623730951
86,5,12,88.60953089449913,1.8478539795018225,9533.722393932243,1.4827346716224676,788.286079221435,2.288610334197208,103767.59824288769,1.4142135623730951
87,5,13,88.6095228168689,1.8478538110517584,9533.721100665463,1.482734470486813,788.2860849791817,2.2886102770493615,103767.60230112472,1.4142135623730951
88,5,14,88.6095313049887,1.8478539880621296,9533.721653020953,1.4827345563920453,788.2860964825564,2.2886102725159354,103767.60375475053,1.4142135623730951
89,5,15,88.60953159144644,1.8478539940358896,9533.721406463375,1.4827345180461136,788.2860967042996,2.2886102750010915,103767.60372744058,1.4142135623730951
90,5,16,88.60953140044006,1.8478539900526623,9533.721369960109,1.4827345123689335,788.2860962857695,2.288610274979477,103767.60365427929,1.4142135623730951
91,5,17,88.6095313783259,1.8478539895914958,9533.721367627679,1.4827345120061817,788.2860963243153,2.288610274881879,103767.60366410375,1.4142135623730951
92,5,18,88.60953137776866,1.8478539895798753,9533.72136648203,1.4827345118280044,788.2860963197579,2.288610274843118,103767.6036623449,1.4142135623730951
93,5,19,88.60953137949235,1.847853989615821,9533.721366483453,1.4827345118282256,788.2860963184003,2.288610274850482,103767.60366252322,1.4142135623730951
94,5,20,88.60953137977015,1.8478539896216142,9533.721366454996,1.4827345118237998,788.2860963213739,2.2886102748507273,103767.60366294687,1.4142135623730951
95,6,2,110.66679719504891,1.9659723914834506,16177.291288471626,1.8641042526178895,937.6611103087399,2.3837825664174996,143466.16672817265,1.4142135623730951
96,6,3,100.82211106970082,1.7910836116885256,13304.11300813023,1.5330288114078698,967.5943338121613,2.262257087630122,151224.7974850646,1.4142135623730951
97,6,4,98.09934081148067,1.7427141703412832,12483.383977134536,1.4384564599774237,945.9207597585088,2.2289630312702826,148093.6812081579,1.4142135623730951
98,6,5,97.51838993335073,1.7323937000994407,12330.658495797592,1.4208579501795446,945.9332357298418,2.227779436564716,147823.80068953385,1.4142135623730951
99,6,6,97.55376273644677,1.7330220905115499,12296.955766930867,1.4169743951958953,945.9989053358668,2.2282143994546204,147952.80493284093,1.4142135623730951
100,6,7,97.58083403515168,1.7335030064430161,12294.382916163288,1.4166779264007385,946.0462657836399,2.2281801985967347,147956.658702479,1.4142135623730951
101,6,8,97.5730788545528,1.7333652372897128,12290.837137549468,1.4162693474319235,946.0294412290717,2.228136241377289,147954.18775812475,1.4142135623730951
102,6,9,97.57270163518815,1.7333585360669863,12290.532648096478,1.4162342612067902,946.0295729352481,2.2281406403528705,147954.04988380367,1.4142135623730951
103,6,10,97.57313474907225,1.7333662302441024,12290.461607296882,1.4162260751975086,946.0301710258524,2.228142852631513,147954.27760802815,1.4142135623730951
104,6,11,97.57311178986009,1.7333658223785242,12290.44430787053,1.4162240817899812,946.0300512134893,2.228142526024014,147954.2520586707,1.4142135623730951
105,6,12,97.57309357719468,1.7333654988343512,12290.440910356343,1.4162236902954761,946.0300314317394,2.228142460066325,147954.24349714542,1.4142135623730951
106,6,13,97.57309507486377,1.733365525440128,12290.440025766455,1.4162235883644578,946.0300376899412,2.2281424751206,147954.2455832282,1.4142135623730951
107,6,14,97.57309566157586,1.7333655358629447,12290.43988830153,1.4162235725244172,946.0300380905935,2.228142476376424,147954.24573310153,1.4142135623730951
108,6,15,97.57309558320294,1.7333655344706664,12290.43985700883,1.4162235689185694,946.0300378630754,2.228142475797231,147954.24568280976,1.4142135623730951
109,6,16,97.5730955690766,1.7333655342197147,12290.439852562225,1.4162235684061883,946.0300378818413,2.22814247582179,147954.24568434898,1.4142135623730951
110,6,17,97.57309557913209,1.7333655343983485,12290.439852446732,1.41622356839288,946.0300378777058,2.2281424758136175,147954.2456834665,1.4142135623730951
111,6,18,97.57309558004324,1.733365534414535,12290.439852339834,1.4162235683805622,946.0300378821122,2.228142475807417,147954.24568396318,1.4142135623730951
112,6,19,97.57309557929726,1.7333655344012826,12290.439852273348,1.4162235683729012,946.0300378821872,2.228142475807991,147954.24568401976,1.4142135623730951
113,6,20,97.57309557974118,1.7333655344091687,12290.439852270158,1.4162235683725335,946.030037882161,2.228142475807478,147954.24568401976,1.4142135623730951
114,7,2,141.01594873427752,2.1074487563579005,23166.340227084616,1.8196967880187875,1171.3544052276031,2.3017327093102287,209046.7699607129,1.4142135623730951
115,7,3,129.39575182570408,1.9337877645097186,20066.476897631204,1.5762050975484594,1118.7185871372628,2.3043881913939646,202612.5389760418,1.4142135623730951
116,7,4,125.8707618940139,1.8811076548172123,19373.17608152428,1.5217468941449892,1103.7823383743732,2.295750343922166,201204.91487290032,1.4142135623730951
117,7,5,125.49621471832076,1.8755101391695372,19276.50310075336,1.5141533117805475,1103.2840406107882,2.2953668620521026,201069.55414663465,1.4142135623730951
118,7,6,125.5621462425645,1.8764954696234284,19281.413639387032,1.5145390305126192,1103.5674362294255,2.295484610260646,201133.6180722653,1.4142135623730951
119,7,7,125.58296158820848,1.876806549857149,19281.606322922264,1.5145541656443113,1103.5991946264237,2.2954723188606474,201138.0816642049,1.4142135623730951
120,7,8,125.5817281204573,1.876788115984232,19281.202424537394,1.5145224397615682,1103.5902005449302,2.2954686304512686,201135.78478628374,1.4142135623730951
121,7,9,125.58086032552806,1.8767751470019232,19281.012941476394,1.5145075560244692,1103.5892861066918,2.295468830091764,201135.75642437558,1.4142135623730951
122,7,10,125.58085693756688,1.8767750963696743,19281.005751159064,1.5145069912310136,1103.5895448224478,2.2954688882052583,201135.79704245387,1.4142135623730951
123,7,11,125.58088420959135,1.876775503943389,19281.00621288526,1.5145070274992227,1103.589559440643,2.2954688857155237,201135.79664438864,1.4142135623730951
124,7,12,125.58088417464394,1.8767755034211087,19281.00569052129,1.514506986467967,1103.5895496444023,2.2954688846172004,201135.7946722459,1.4142135623730951
125,7,13,125.58088342864392,1.8767754922723212,19281.005487980372,1.5145069705585459,1103.5895495480215,2.2954688847018354,201135.79472662281,1.4142135623730951
126,7,14,125.58088345046458,1.8767754925984257,19281.00547526818,1.5145069695600137,1103.589549799957,2.295468884709681,201135.79476679035,1.4142135623730951
127,7,15,125.58088347054617,1.87677549289854,19281.005475684942,1.5145069695927502,1103.5895497897748,2.295468884720714,201135.7947633295,1.4142135623730951
128,7,16,125.58088346477916,1.8767754928123537,19281.005474668556,1.5145069695129139,1103.5895497841514,2.29546888471693,201135.79476257536,1.4142135623730951
129,7,17,125.58088346559502,1.8767754928245466,19281.00547466782,1.5145069695128561,1103.589549785978,2.295468884715971,201135.79476318834,1.4142135623730951
130,7,18,125.58088346597289,1.8767754928301936,19281.005474699166,1.5145069695153182,1103.5895497853535,2.2954688847169593,201135.79476304748,1.4142135623730951
131,7,19,125.58088346570409,1.8767754928261764,19281.00547467558,1.5145069695134656,1103.5895497843587,2.295468884714887,201135.79476290586,1.4142135623730951
132,7,20,125.58088346570139,1.8767754928261362,19281.005474672616,1.5145069695132327,1103.5895497851986,2.2954688847148876,201135.79476306136,1.4142135623730951
133,8,2,150.3271466657933,1.9691223656270724,28207.364048340387,1.7541050613463862,1311.3035664341892,2.405114380022698,266734.90082635905,1.4142135623730951
134,8,3,137.6320879978083,1.8028308839451057,23837.327136307093,1.482349648379355,1284.7882720828911,2.304066986146457,267020.45173635904,1.4142135623730951
135,8,4,137.40378653577096,1.7998403827284324,23531.73750310519,1.463346230641497,1279.7431199546006,2.299961122843123,266318.2843404972,1.4142135623730951
136,8,5,137.55850732169827,1.801867056996881,23504.422584837397,1.4616476232742264,1279.1585143750704,2.3004129648533085,266349.8201602332,1.4142135623730951
137,8,6,137.49517359233485,1.8010374539228244,23484.911371321916,1.4604342976220364,1279.141699685964,2.300566331983954,266330.69036096166,1.4142135623730951
138,8,7,137.48672309258708,1.8009267615533948,23481.741042408154,1.460237147332338,1279.1406873407757,2.300555075159124,266327.57278597716,1.4142135623730951
139,8,8,137.48849166674677,1.8009499279542103,23481.58179184687,1.4602272441660906,1279.1431057189072,2.3005507639371943,266328.5690493381,1.4142135623730951
140,8,9,137.48862479662503,1.800951671811036,23481.48565794705,1.4602212659768505,1279.1433104576236,2.300551289127079,266328.698870707,1.4142135623730951
141,8,10,137.48860385142797,1.800951397451701,23481.478862636766,1.4602208434032224,1279.143256732957,2.3005513339878774,266328.66229475616,1.4142135623730951
142,8,11,137.48860278051689,1.8009513834239288,23481.477526977647,1.4602207603438335,1279.143256235634,2.3005513115096616,266328.661775114,1.4142135623730951
143,8,12,137.48860251925277,1.8009513800016526,23481.477056657593,1.4602207310964788,1279.1432546343,2.3005513108714237,266328.66187816317,1.4142135623730951
144,8,13,137.48860256168754,1.8009513805575021,23481.476992672015,1.4602207271174672,1279.1432545863584,2.3005513115124128,266328.66185550444,1.4142135623730951
145,8,14,137.4886025591072,1.8009513805237023,23481.476988353425,1.460220726848911,1279.143254597802,2.3005513115816707,266328.6618549513,1.4142135623730951
146,8,15,137.48860255365508,1.8009513804522856,23481.476986861777,1.4602207267561513,1279.143254603564,2.300551311558085,266328.6618564323,1.4142135623730951
147,8,16,137.48860255376218,1.8009513804536885,23481.476986807313,1.4602207267527645,1279.1432545993137,2.3005513115576752,266328.6618563461,1.4142135623730951
148,8,17,137.48860255388357,1.8009513804552786,23481.47698688665,1.460220726757698,1279.1432546019505,2.3005513115602376,266328.6618568852,1.4142135623730951
149,8,18,137.4886025538823,1.8009513804552617,23481.476986873884,1.4602207267569043,1279.143254600503,2.300551311559569,266328.6618568281,1.4142135623730951
150,8,19,137.4886025538725,1.8009513804551338,23481.476986868416,1.4602207267565641,1279.143254600297,2.300551311559627,266328.6618566018,1.4142135623730951
151,8,20,137.4886025542416,1.8009513804599684,23481.4769869617,1.4602207267623653,1279.1432546017234,2.3005513115606915,266328.6618568846,1.4142135623730951
152,9,2,173.41321052771931,2.015834162890791,35664.03569183221,1.687842396296894,1479.1130887653521,2.342475966426136,342931.79357448965,1.4142135623730951
153,9,3,163.17603215598996,1.8968325376366404,32168.272043540404,1.5224012739291386,1426.3793938647198,2.3228959933984923,335684.80438910256,1.4142135623730951
154,9,4,161.21563235728283,1.8740439572561025,31821.120531769808,1.5059719207126947,1419.2817167578196,2.315227423623108,334212.83317265904,1.4142135623730951
155,9,5,161.1855591273177,1.873694372330204,31780.769479286584,1.5040622597392457,1419.3345709011685,2.3153215374144236,334319.1502836011,1.4142135623730951
156,9,6,161.22344382621822,1.874134761329762,31781.163215264278,1.5040808937570513,1419.4507047745594,2.3154750816651393,334344.27796267474,1.4142135623730951
157,9,7,161.22507956246585,1.8741537758731146,31780.624166702873,1.5040553826504715,1419.4542056545163,2.3154697790571213,334344.14627469896,1.4142135623730951
158,9,8,161.2244341074273,1.8741462728096896,31780.486235611494,1.5040488548994955,1419.4521585015689,2.3154675549861157,334343.6460429699,1.4142135623730951
159,9,9,161.22439408171886,1.8741458075326196,31780.45313006035,1.5040472881403866,1419.4520610057311,2.315467585665579,334343.6540528061,1.4142135623730951
160,9,10,161.2244009287231,1.8741458871253163,31780.45306019714,1.504047284834028,1419.4520871357881,2.3154676040174986,334343.65502139396,1.4142135623730951
161,9,11,161.22440192063223,1.87414589865572,31780.453126078522,1.504047287951942,1419.4520914599584,2.3154676038452404,334343.6555228167,1.4142135623730951
162,9,12,161.2244014929658,1.8741458936843305,31780.45294168639,1.5040472792253676,1419.4520883851008,2.3154676038681896,334343.65487656853,1.4142135623730951
163,9,13,161.22440149118574,1.8741458936636384,31780.45292648973,1.5040472785061678,1419.4520883488685,2.3154676038499136,334343.6548751915,1.4142135623730951
164,9,14,161.22440148872113,1.8741458936349886,31780.452925542802,1.5040472784613534,1419.4520883680261,2.3154676038626563,334343.6548770839,1.4142135623730951
165,9,15,161.22440148966768,1.8741458936459918,31780.452925607744,1.5040472784644268,1419.4520883700695,2.315467603861201,334343.6548778761,1.4142135623730951
166,9,16,161.22440148948158,1.8741458936438284,31780.45292545334,1.5040472784571195,1419.4520883676057,2.315467603863274,334343.65487759165,1.4142135623730951
167,9,17,161.22440148940157,1.8741458936428983,31780.45292553686,1.5040472784610723,1419.4520883698915,2.3154676038609976,334343.6548780004,1.4142135623730951
168,9,18,161.2244014894406,1.874145893643352,31780.4529255206,1.5040472784603027,1419.452088369884,2.3154676038610598,334343.65487798647,1.4142135623730951
169,9,19,161.22440148944173,1.8741458936433653,31780.45292551998,1.5040472784602734,1419.4520883701007,2.315467603861621,334343.65487798635,1.4142135623730951
170,9,20,161.22440148945552,1.8741458936435254,31780.452925541776,1.5040472784613048,1419.4520883715554,2.315467603861861,334343.6548784106,1.4142135623730951
171,10,2,191.22360182817334,2.0007640016386787,43138.98583919598,1.6886129957548281,1640.1799883770943,2.3911602095906184,426295.2462059878,1.4142135623730951
172,10,3,179.81270111033132,1.881372257291943,38494.396507471036,1.5068072867673694,1579.3002124383856,2.3086086223171693,416489.36122558796,1.4142135623730951
173,10,4,178.62826803958654,1.868979586995805,38095.94286390446,1.4912103971408857,1576.3277825722562,2.307116510956485,416035.05891883676,1.4142135623730951
174,10,5,178.7176282612666,1.869914559002433,38086.5473714752,1.4908426242248347,1576.2280270053243,2.307477888195215,416081.46063992544,1.4142135623730951
175,10,6,178.72227677905872,1.8699631962363858,38079.79040383594,1.4905781325325618,1576.24248622574,2.307530252599167,416085.74134972796,1.4142135623730951
176,10,7,178.7182033097174,1.8699205757086792,38077.7954463607,1.490500042817351,1576.241936413131,2.3075251454967796,416085.31003510975,1.4142135623730951
177,10,8,178.71857610589677,1.8699244762584466,38077.81885463881,1.4905009591004266,1576.242639612861,2.307524282743011,416085.52035354415,1.4142135623730951
178,10,9,178.71869252744634,1.8699256943719178,38077.83057501973,1.4905014178777285,1576.2427155150053,2.3075242922209798,416085.53954126616,1.4142135623730951
179,10,10,178.71868124386043,1.8699255763122626,38077.825819547026,1.4905012317316508,1576.2426946994249,2.3075242995921585,416085.53320780525,1.4142135623730951
180,10,11,178.71867967055334,1.8699255598508209,38077.82530018491,1.4905012114019744,1576.2426960723913,2.3075242993148457,416085.5335205493,1.4142135623730951
181,10,12,178.71867936368045,1.8699255566400235,38077.825110202044,1.490501203965371,1576.2426930505255,2.307524299715858,416085.5327894183,1.4142135623730951
182,10,13,178.71867938694473,1.8699255568834365,38077.82510704518,1.4905012038418,1576.24269305227,2.307524299710581,416085.53278775816,1.4142135623730951
183,10,14,178.71867938529772,1.8699255568662039,38077.82510652496,1.4905012038214367,1576.2426930511938,2.307524299716384,416085.5327887368,1.4142135623730951
184,10,15,178.71867938467994,1.8699255568597402,38077.825106168806,1.4905012038074956,1576.242693050895,2.3075242997153445,416085.53278845426,1.4142135623730951
185,10,16,178.7186793837145,1.8699255568496387,38077.825105919765,1.4905012037977472,1576.2426930467877,2.3075242997127376,416085.53278732323,1.4142135623730951
186,10,17,178.71867938468984,1.8699255568598436,38077.82510621716,1.4905012038093886,1576.2426930494541,2.3075242997134207,416085.5327880009,1.4142135623730951
187,10,18,178.71867938467815,1.8699255568597215,38077.82510616666,1.4905012038074117,1576.2426930503302,2.3075242997131284,416085.53278817085,1.4142135623730951
188,10,19,178.71867938441895,1.8699255568570095,38077.825106161596,1.4905012038072134,1576.242693050316,2.307524299713636,416085.53278817143,1.4142135623730951
189,10,20,178.71867938510198,1.869925556864156,38077.82510624601,1.4905012038105176,1576.24269304913,2.307524299714518,416085.5327878858,1.4142135623730951
190,11,2,207.23636557457974,1.9710088356673823,51514.67592622413,1.6287618057678024,1787.595533242138,2.344019361366058,510070.0273407886,1.4142135623730951
191,11,3,198.2161631959747,1.8852183975922645,48159.75495987591,1.5226878174701124,1738.7133265718849,2.3211755680415678,500497.27980331343,1.4142135623730951
192,11,4,197.01430177867283,1.8737875878201389,47807.23616655721,1.5115420782016535,1734.6794747829465,2.3173230032046233,499678.2536755588,1.4142135623730951
193,11,5,197.0455757407595,1.8740850320231783,47805.18826919153,1.511477328944255,1734.8445406595981,2.3174987021200835,499719.5876608846,1.4142135623730951
194,11,6,197.06456504007485,1.8742656377611238,47807.683238573336,1.5115562134710927,1734.8966030740107,2.3175625044170496,499729.8800951168,1.4142135623730951
195,11,7,197.06452225207656,1.8742652308078245,47807.34584593524,1.511545545982021,1734.8959927576889,2.31755944444132,499729.5766204027,1.4142135623730951
196,11,8,197.06428896349854,1.8742630120184374,47807.26574712635,1.5115430134633114,1734.895350342603,2.3175587482805122,499729.4784425861,1.4142135623730951
197,11,9,197.0642853337512,1.874262977496195,47807.25889171469,1.5115427967127937,1734.8953471333396,2.3175587626549046,499729.4743203903,1.4142135623730951
198,11,10,197.0642873115597,1.8742629963069766,47807.25896677306,1.5115427990859465,1734.8953527370147,2.317558767606552,499729.4747905823,1.4142135623730951
199,11,11,197.06428791741098,1.8742630020691806,47807.25910083793,1.5115428033247336,1734.8953565757836,2.3175587671374784,499729.47584286286,1.4142135623730951
200,11,12,197.06428735188982,1.874262996690553,47807.258895379346,1.5115427968286606,1734.8953527707192,2.317558767599836,499729.474778834,1.4142135623730951
201,11,13,197.0642873502433,1.8742629966748932,47807.2588935241,1.5115427967700026,1734.895352758466,2.3175587675992575,499729.47477554827,1.4142135623730951
202,11,14,197.0642873497812,1.8742629966704982,47807.25889356236,1.511542796771212,1734.8953527611811,2.317558767600614,499729.47477620037,1.4142135623730951
203,11,15,197.0642873498591,1.874262996671239,47807.25889361127,1.5115427967727588,1734.895352761844,2.317558767600618,499729.47477636463,1.4142135623730951
204,11,16,197.0642873497896,1.8742629966705782,47807.25889357308,1.5115427967715511,1734.8953527578872,2.317558767598819,499729.47477537155,1.4142135623730951
205,11,17,197.0642873498595,1.874262996671243,47807.25889365951,1.511542796774284,1734.8953527618244,2.3175587675995706,499729.47477633425,1.4142135623730951
206,11,18,197.0642873498015,1.8742629966706914,47807.258893614635,1.511542796772865,1734.8953527628476,2.3175587676002993,499729.47477662965,1.4142135623730951
207,11,19,197.0642873497904,1.8742629966705857,47807.25889359023,1.5115427967720934,1734.8953527607769,2.3175587676004445,499729.47477606137,1.4142135623730951
208,11,20,197.0642873499095,1.8742629966717186,47807.258893616054,1.5115427967729098,1734.8953527599122,2.317558767599693,499729.47477592033,1.4142135623730951
209,12,2,225.42580707508358,1.9653462006463014,59352.479365081264,1.5996808610945126,1944.1731426453318,2.342865905268895,602082.171980693,1.4142135623730951
210,12,3,216.26477955937875,1.8854769485157774,55763.05873877953,1.5029380200247442,1891.417933211615,2.315579913318193,591211.561694543,1.4142135623730951
211,12,4,215.2630446031261,1.8767434498278035,55483.14733069151,1.4953937872123932,1888.9471588850138,2.3134230789116677,590425.3954704718,1.4142135623730951
212,12,5,215.31032312126788,1.8771556415693247,55478.82928547757,1.4952774063238445,1889.1366675121074,2.3136226077977735,590505.6004636639,1.4142135623730951
213,12,6,215.32503666332175,1.877283919712581,55477.469569367604,1.495240758961158,1889.162240129391,2.313650998004766,590513.7031290323,1.4142135623730951
214,12,7,215.32436004387043,1.8772780206920332,55476.96371619979,1.495227125097169,1889.1606873528126,2.3136478684408357,590512.915503851,1.4142135623730951
215,12,8,215.32424224178,1.8772769936495048,55476.90801345157,1.495225623784651,1889.160581959297,2.3136477150695844,590512.8707733207,1.4142135623730951
216,12,9,215.32425736732813,1.8772771255196705,55476.90686547901,1.4952255928442464,1889.1606016706867,2.313647736075381,590512.8762124148,1.4142135623730951
217,12,10,215.32425719224014,1.8772771239931882,55476.90627454983,1.4952255769173954,1889.1605998338941,2.313647735935201,590512.8755472832,1.4142135623730951
218,12,11,215.3242575316938,1.8772771269526718,55476.90637920413,1.4952255797380607,1889.1606038521768,2.3136477353570357,590512.8766978702,1.4142135623730951
219,12,12,215.32425692890908,1.8772771216973698,55476.90614611014,1.495225573455661,1889.1605996761532,2.3136477359154677,590512.8754844945,1.4142135623730951
220,12,13,215.32425693096428,1.877277121715288,55476.90614533925,1.4952255734348838,1889.1605996668698,2.3136477359043295,590512.8754814068,1.4142135623730951
221,12,14,215.32425693157913,1.8772771217206483,55476.90614547483,1.495225573438538,1889.1605996720787,2.3136477359055068,590512.8754836038,1.4142135623730951
222,12,15,215.32425693151856,1.8772771217201203,55476.90614543524,1.495225573437471,1889.1605996710352,2.313647735904422,590512.8754833153,1.4142135623730951
223,12,16,215.32425693079185,1.8772771217137845,55476.9061452481,1.4952255734324271,1889.1605996708424,2.3136477359061725,590512.8754829778,1.4142135623730951
224,12,17,215.32425693163665,1.87727712172115,55476.90614555095,1.4952255734405897,1889.1605996707758,2.313647735905327,590512.8754833947,1.4142135623730951
225,12,18,215.32425693162799,1.8772771217210744,55476.90614552343,1.495225573439848,1889.1605996711085,2.3136477359057417,590512.8754833917,1.4142135623730951
226,12,19,215.32425693157728,1.8772771217206323,55476.90614547341,1.4952255734384998,1889.1605996723458,2.3136477359061867,590512.8754836689,1.4142135623730951
227,12,20,215.32425693167568,1.87727712172149,55476.90614550523,1.4952255734393574,1889.160599672399,2.3136477359062133,590512.8754836634,1.4142135623730951
228,13,2,241.50595316161332,1.943568169478502,70173.09919731313,1.5867060902674917,2095.2959816456523,2.3377971026705815,707912.3618870508,1.4142135623730951
229,13,3,233.61719219791345,1.8800817646716965,67028.89629390577,1.5156115262117513,2052.642943623497,2.319602898537574,698207.714616603,1.4142135623730951
230,13,4,232.8445874847778,1.8738640714497217,66819.090485429,1.5108675408684857,2050.153806202298,2.317566688264443,697436.4100394563,1.4142135623730951
231,13,5,232.8842700506633,1.8741834249518967,66818.63783938273,1.5108573059458934,2050.306757028794,2.317712703344122,697510.6940292976,1.4142135623730951
232,13,6,232.89393191977297,1.8742611808043443,66820.23025048914,1.510893312455933,2050.331985480016,2.3177394535043514,697519.0804252446,1.4142135623730951
233,13,7,232.89367666316832,1.8742591265750164,66820.05762003969,1.5108894090543639,2050.3311351642096,2.317737791544578,697518.773869865,1.4142135623730951
234,13,8,232.89358932413742,1.8742584236964406,66820.02265997266,1.510888618561256,2050.330904516008,2.317737576489774,697518.7114131673,1.4142135623730951
235,13,9,232.89359013604766,1.874258430230453,66820.02074452445,1.510888575250452,2050.3309082817805,2.317737583634693,697518.7133979324,1.4142135623730951
236,13,10,232.893590689854,1.874258434687322,66820.02088851377,1.51088857850624,2050.330909749436,2.3177375848029036,697518.7136800301,1.4142135623730951
237,13,11,232.89359139086602,1.8742584403288585,66820.02114858298,1.510888584386747,2050.3309144982222,2.3177375842638677,697518.7152168988,1.4142135623730951
238,13,12,232.89359068290958,1.8742584346314353,66820.02087028256,1.5108885780940084,2050.330909732915,2.3177375847907697,697518.7136800552,1.4142135623730951
239,13,13,232.89359068388612,1.874258434639294,66820.02087031421,1.510888578094724,2050.3309097334245,2.317737584789688,697518.7136794304,1.4142135623730951
240,13,14,232.8935906838605,1.874258434639088,66820.02087030631,1.5108885780945454,2050.3309097332094,2.3177375847902613,697518.7136793114,1.4142135623730951
241,13,15,232.89359068393662,1.8742584346397007,66820.02087034448,1.5108885780954084,2050.3309097331767,2.3177375847902653,697518.7136792542,1.4142135623730951
242,13,16,232.8935906835647,1.8742584346367075,66820.02087019045,1.5108885780919257,2050.330909731673,2.3177375847912294,697518.7136791247,1.4142135623730951
243,13,17,232.89359068412875,1.8742584346412468,66820.02087040806,1.510888578096846,2050.330909736329,2.3177375847910127,697518.7136805445,1.4142135623730951
244,13,18,232.89359068414,1.8742584346413373,66820.02087040682,1.510888578096818,2050.330909734219,2.317737584789853,697518.7136796948,1.4142135623730951
245,13,19,232.8935906838814,1.8742584346392561,66820.02087030228,1.5108885780944543,2050.330909733402,2.3177375847904784,697518.7136794139,1.4142135623730951
246,13,20,232.8935906840065,1.874258434640263,66820.02087038205,1.510888578096258,2050.330909734121,2.317737584790656,697518.7136795423,1.4142135623730951
247,14,2,259.12374847204256,1.9363974639537729,80290.08100827278,1.5819368197301606,2250.5420107600844,2.333761931334987,812116.8427957027,1.4142135623730951
248,14,3,251.55445381725428,1.8798331271846471,76900.65433861113,1.5151557332101373,2208.5646675122134,2.318170060101602,803890.8228468469,1.4142135623730951
249,14,4,250.8910215870655,1.874875385967881,76655.51089611967,1.510325728894253,2206.6994776029846,2.316660513909526,803220.0590200286,1.4142135623730951
250,14,5,250.92995546236543,1.8751663336630933,76656.78039070217,1.5103507414511879,2206.8562740264315,2.316795620793429,803282.7739482183,1.4142135623730951
251,14,6,250.9383070947101,1.8752287443058362,76656.68730547953,1.5103489074146639,2206.8724808615216,2.316811200217542,803288.3019828172,1.4142135623730951
252,14,7,250.93807184107231,1.875226986286549,76656.43141115973,1.5103438655883092,2206.871460369093,2.316809779183348,803287.94304402,1.4142135623730951
253,14,8,250.93799367355186,1.875226402151018,76656.40068369792,1.5103432601722653,2206.8713539748023,2.316809705971899,803287.9097725059,1.4142135623730951
254,14,9,250.93799467311212,1.8752264096205995,76656.39972447188,1.5103432412728572,2206.8713612971187,2.316809713710795,803287.9124656847,1.4142135623730951
255,14,10,250.93799519169747,1.8752264134959191,76656.39961774557,1.5103432391700535,2206.8713614997946,2.316809713696005,803287.912376799,1.4142135623730951
256,14,11,250.9379959681899,1.8752264192985444,76656.39992582692,1.5103432452401089,2206.871366694701,2.316809713069251,803287.9141149297,1.4142135623730951
257,14,12,250.93799518760346,1.8752264134653251,76656.39959564128,1.510343238734538,2206.871361496607,2.316809713655527,803287.9123783207,1.4142135623730951
258,14,13,250.93799518607338,1.8752264134538912,76656.39959516392,1.5103432387251328,2206.871361494299,2.316809713653938,803287.9123775682,1.4142135623730951
259,14,14,250.937995186129,1.8752264134543069,76656.39959515419,1.510343238724941,2206.871361494356,2.3168097136541403,803287.9123776704,1.4142135623730951
260,14,15,250.9379951861426,1.8752264134544083,76656.39959515719,1.510343238725,2206.8713614952767,2.316809713653497,803287.912377952,1.4142135623730951
261,14,16,250.93799518566323,1.875226413450826,76656.39959491663,1.5103432387202602,2206.871361491938,2.316809713653849,803287.9123768209,1.4142135623730951
262,14,17,250.9379951862314,1.875226413455072,76656.39959524065,1.5103432387266444,2206.871361495855,2.316809713653639,803287.912378209,1.4142135623730951
263,14,18,250.9379951862277,1.8752264134550445,76656.39959518543,1.5103432387255564,2206.8713614949243,2.3168097136542865,803287.9123779825,1.4142135623730951
264,14,19,250.9379951861318,1.8752264134543275,76656.39959515313,1.5103432387249198,2206.8713614943667,2.3168097136541994,803287.9123776699,1.4142135623730951
265,14,20,250.93799518622808,1.8752264134550471,76656.39959515755,1.510343238725007,2206.8713614943244,2.3168097136543127,803287.9123777557,1.4142135623730951
266,15,2,276.12862430514286,1.9259076559991528,92300.24987415514,1.5664654342928785,2403.8571935941213,2.3317277556414773,938195.5711095013,1.4142135623730951
267,15,3,269.20529952588413,1.8776197096448177,89140.95540470128,1.5128477508099016,2367.2587346565974,2.318788294055749,928715.741879893,1.4142135623730951
268,15,4,268.68307627526497,1.8739773717342187,88982.51705328884,1.5101588285015406,2365.6318616445465,2.3176307791593764,928182.5277820426,1.4142135623730951
269,15,5,268.71842722067,1.8742239331205062,88984.52157244072,1.510192848019018,2365.75397900657,2.3177350868991944,928231.7782176948,1.4142135623730951
270,15,6,268.72363344182617,1.8742602448256354,88985.35495098685,1.5102069916284664,2365.767139011894,2.3177472725848416,928235.8136304143,1.4142135623730951
271,15,7,268.7234235665161,1.8742587810133722,88985.2334544614,1.510204929661053,2365.7665236859375,2.3177463994143053,928235.6020264376,1.4142135623730951
272,15,8,268.72338760230866,1.8742585301746821,88985.21610835828,1.5102046352732152,2365.7664313978435,2.3177463250877772,928235.5803687345,1.4142135623730951
273,15,9,268.72338842742846,1.8742585359296253,88985.215682138,1.5102046280396562,2365.7664340792926,2.3177463282427184,928235.5807713356,1.4142135623730951
274,15,10,268.72338859985246,1.8742585371322267,88985.21574016771,1.5102046290245021,2365.76643452356,2.317746328545541,928235.5808566234,1.4142135623730951
275,15,11,268.72338944222037,1.8742585430074699,88985.21609945396,1.5102046351220966,2365.7664402053615,2.317746327937658,928235.5829557371,1.4142135623730951
276,15,12,268.7233885972597,1.8742585371141431,88985.21573336159,1.5102046289089925,2365.7664345023704,2.3177463285327145,928235.5808490742,1.4142135623730951
277,15,13,268.72338859719065,1.8742585371136615,88985.21573316416,1.510204628905642,2365.7664345024255,2.317746328533007,928235.5808489885,1.4142135623730951
278,15,14,268.7233885971824,1.874258537113604,88985.21573315536,1.5102046289054927,2365.7664345027497,2.3177463285326745,928235.5808491426,1.4142135623730951
279,15,15,268.7233885972341,1.8742585371139644,88985.21573321671,1.5102046289065338,2365.7664345037347,2.317746328533384,928235.5808494409,1.4142135623730951
280,15,16,268.72338859677427,1.8742585371107574,88985.21573304819,1.5102046289036737,2365.7664345007734,2.317746328533479,928235.5808481529,1.4142135623730951
281,15,17,268.7233885973777,1.8742585371149663,88985.21573328502,1.5102046289076931,2365.7664345045073,2.317746328532803,928235.5808499757,1.4142135623730951
282,15,18,268.7233885973308,1.8742585371146392,88985.21573321358,1.5102046289064808,2365.7664345040453,2.3177463285326243,928235.5808495799,1.4142135623730951
283,15,19,268.7233885971789,1.8742585371135794,88985.21573315289,1.5102046289054507,2365.7664345016437,2.3177463285323596,928235.5808487168,1.4142135623730951
284,15,20,268.72338859708753,1.8742585371129423,88985.21573309899,1.5102046289045359,2365.7664345018748,2.317746328532692,928235.5808487253,1.4142135623730951
285,16,2,293.5988689145713,1.919772143539162,103511.64056718328,1.5564794258973416,2558.244950365369,2.3289771469572007,1062182.2574493461,1.4142135623730951
286,16,3,287.06566424074583,1.8770530949705537,100264.50375774186,1.5076530174926832,2524.4947233939274,2.31840757634843,1053522.7578718495,1.4142135623730951
287,16,4,286.62403681653694,1.8741653998307408,100069.78065957673,1.5047250135080077,2523.165450890659,2.317523485534673,1053123.4825784971,1.4142135623730951
288,16,5,286.65629584174616,1.8743763338108455,100073.16757665286,1.50477594175837,2523.2777663151123,2.3176113310208453,1053173.7348420015,1.4142135623730951
289,16,6,286.66044915137667,1.874403491300115,100073.44936464971,1.504780178936113,2523.287310520149,2.3176195535858835,1053176.3336564372,1.4142135623730951
290,16,7,286.660278484578,1.8744023753511092,100073.28674811503,1.504777733710734,2523.2867517534805,2.3176188915933045,1053176.2141231385,1.4142135623730951
291,16,8,286.66024973463163,1.8744021873621488,100073.26911709298,1.504777468597333,2523.2866949542486,2.31761885167211,1053176.2062057047,1.4142135623730951
292,16,9,286.66025024542364,1.8744021907020945,100073.26882663142,1.504777464229733,2523.2866974999506,2.3176188541790017,1053176.206645803,1.4142135623730951
293,16,10,286.66025041208684,1.8744021917918647,100073.26881683576,1.5047774640824378,2523.286697760476,2.317618854242987,1053176.2066460936,1.4142135623730951
294,16,11,286.6602513273333,1.8744021977764405,100073.26924586012,1.5047774705335732,2523.2867039127045,2.3176188536147593,1053176.2091121005,1.4142135623730951
295,16,12,286.660250400389,1.8744021917153753,100073.26880647815,1.504777463926693,2523.2866977605127,2.3176188542389995,1053176.2066489446,1.4142135623730951
296,16,13,286.6602503994927,1.8744021917095148,100073.26880618047,1.504777463922217,2523.2866977555514,2.3176188542376335,1053176.2066471907,1.4142135623730951
297,16,14,286.6602503994945,1.8744021917095264,100073.26880618166,1.5047774639222349,2523.2866977561944,2.317618854238104,1053176.2066474878,1.4142135623730951
298,16,15,286.66025039926757,1.8744021917080427,100073.26880610542,1.5047774639210885,2523.286697754787,2.3176188542382365,1053176.2066468373,1.4142135623730951
299,16,16,286.6602503994809,1.8744021917094376,100073.26880616564,1.504777463921994,2523.2866977524814,2.317618854237023,1053176.2066455707,1.4142135623730951
300,16,17,286.6602503998242,1.8744021917116822,100073.26880631543,1.5047774639242464,2523.2866977591693,2.3176188542384715,1053176.2066486843,1.4142135623730951
301,16,18,286.66025039949454,1.8744021917095268,100073.26880618448,1.5047774639222773,2523.28669775718,2.317618854238223,1053176.2066478273,1.4142135623730951
302,16,19,286.6602503994945,1.8744021917095264,100073.26880618144,1.5047774639222316,2523.2866977553804,2.317618854238138,1053176.2066471907,1.4142135623730951
303,16,20,286.66025039994184,1.8744021917124516,100073.26880630643,1.504777463924111,2523.2866977550398,2.3176188542389884,1053176.2066471628,1.4142135623730951
304,17,2,311.00733584348467,1.9139782622813575,117390.73262859216,1.5503451724410529,2713.6912353208404,2.3272625759005217,1201316.2405333684,1.4142135623730951
305,17,3,304.8890000956933,1.8763252545448939,114555.34225962836,1.5128989986922554,2682.21748537606,2.3183694246126856,1192086.4216774073,1.4142135623730951
306,17,4,304.5213991760769,1.8740629922499155,114429.75122818632,1.5112403545647493,2681.1005946139876,2.317668533813194,1191598.849148933,1.4142135623730951
307,17,5,304.5503687924646,1.8742412749128705,114435.49383038691,1.5113161954373597,2681.19506940388,2.3177409871745533,1191651.5303698622,1.4142135623730951
308,17,6,304.55333501426975,1.8742595294149411,114436.16563444298,1.5113250677576173,2681.2024031197748,2.3177470088878396,1191655.0859341864,1.4142135623730951
309,17,7,304.55318906148767,1.8742586312031628,114436.08201308403,1.5113239633947153,2681.2019981088642,2.3177465394990544,1191654.9192003678,1.4142135623730951
310,17,8,304.55317293663563,1.8742585319687952,114436.07295668598,1.5113238437895073,2681.201957461048,2.3177465108022077,1191654.906407052,1.4142135623730951
311,17,9,304.55317343433535,1.8742585350317018,114436.07288900572,1.511323842895674,2681.201958938876,2.317746512126452,1191654.9071045553,1.4142135623730951
312,17,10,304.55317349585215,1.8742585354102839,114436.07291331197,1.5113238432166793,2681.201959125857,2.3177465122255727,1191654.907134706,1.4142135623730951
313,17,11,304.5531744897744,1.8742585415270065,114436.07339816092,1.5113238496199382,2681.201965742615,2.317746511624583,1191654.9099103864,1.4142135623730951
314,17,12,304.5531734948498,1.8742585354041152,114436.07291047931,1.5113238431792693,2681.201959133906,2.317746512223999,1191654.9071415488,1.4142135623730951
315,17,13,304.55317349463314,1.874258535402782,114436.07291036236,1.5113238431777247,2681.20195913302,2.3177465122242222,1191654.9071412685,1.4142135623730951
316,17,14,304.5531734946774,1.8742585354030545,114436.0729103796,1.5113238431779525,2681.2019591330727,2.3177465122238465,1191654.9071412678,1.4142135623730951
317,17,15,304.5531734946301,1.8742585354027632,114436.07291036716,1.5113238431777882,2681.2019591333224,2.3177465122248355,1191654.907141409,1.4142135623730951
318,17,16,304.5531734942007,1.8742585354001207,114436.0729101922,1.5113238431754774,2681.201959130934,2.3177465122238243,1191654.9071401039,1.4142135623730951
319,17,17,304.5531734948921,1.874258535404376,114436.07291048428,1.5113238431793348,2681.201959132445,2.3177465122239203,1191654.9071412599,1.4142135623730951
320,17,18,304.55317349471426,1.8742585354032812,114436.07291038308,1.5113238431779983,2681.201959132212,2.317746512223839,1191654.9071409267,1.4142135623730951
321,17,19,304.5531734946774,1.8742585354030545,114436.07291037959,1.5113238431779523,2681.201959133142,2.317746512224452,1191654.9071415518,1.4142135623730951
322,17,20,304.5531734947192,1.8742585354033117,114436.07291039155,1.5113238431781102,2681.2019591343947,2.3177465122238803,1191654.9071416943,1.4142135623730951
323,18,2,328.53448513654047,1.9095179585077815,129574.99200419252,1.536127503639229,2869.2365821069225,2.32559768375256,1348047.939045897,1.4142135623730951
324,18,3,322.7554157063791,1.8759286783572666,127017.15015993077,1.5058039732561235,2839.749543888498,2.3182249654199487,1338086.1798701924,1.4142135623730951
325,18,4,322.4422630520987,1.874108563136016,126902.94886230137,1.5044501027944983,2838.809828466127,2.3176703127881453,1337750.4067966219,1.4142135623730951
326,18,5,322.46823100329254,1.874259494838451,126903.93879962454,1.5044618386234996,2838.8934775023185,2.3177307767206052,1337799.2891599813,1.4142135623730951
327,18,6,322.47054088682813,1.8742729204126076,126903.77422362579,1.5044598875547461,2838.8990450218325,2.3177351053228694,1337802.0637229364,1.4142135623730951
328,18,7,322.4704217310042,1.8742722278515649,126903.6926017895,1.504458919917815,2838.898711638682,2.317734753242746,1337801.905995514,1.4142135623730951
329,18,8,322.4704100820926,1.8742721601454124,126903.68358982952,1.5044588130799186,2838.8986841483056,2.3177347351273667,1337801.8970010048,1.4142135623730951
330,18,9,322.47041041241295,1.8742721620653102,126903.68343951911,1.50445881129797,2838.898685347782,2.3177347361526572,1337801.897460166,1.4142135623730951
331,18,10,322.47041047118,1.8742721624068779,126903.6834477329,1.5044588113953454,2838.898685419102,2.317734736221026,1337801.8974531726,1.4142135623730951
332,18,11,322.47041154201617,1.874272168630824,126903.68398212497,1.5044588177306295,2838.898692490316,2.317734735568052,1337801.9006862557,1.4142135623730951
333,18,12,322.4704104728801,1.874272162416759,126903.68344515009,1.504458811364726,2838.8986854106242,2.3177347362139678,1337801.8974511134,1.4142135623730951
334,18,13,322.47041047288405,1.8742721624167822,126903.68344520513,1.5044588113653785,2838.898685408991,2.317734736213231,1337801.8974506038,1.4142135623730951
335,18,14,322.4704104728792,1.8742721624167542,126903.68344512842,1.504458811364469,2838.8986854097548,2.3177347362134477,1337801.8974508874,1.4142135623730951
336,18,15,322.47041047287934,1.8742721624167549,126903.68344512812,1.5044588113644655,2838.8986854100135,2.3177347362136165,1337801.8974511723,1.4142135623730951
337,18,16,322.4704104727947,1.8742721624162628,126903.6834450523,1.5044588113635666,2838.8986854067316,2.317734736213977,1337801.8974502834,1.4142135623730951
338,18,17,322.47041047316515,1.874272162418416,126903.68344525975,1.504458811366026,2838.898685413307,2.317734736213395,1337801.8974528133,1.4142135623730951
339,18,18,322.47041047291236,1.8742721624169467,126903.68344524974,1.5044588113659074,2838.898685410997,2.3177347362132323,1337801.897451707,1.4142135623730951
340,18,19,322.4704104728792,1.8742721624167542,126903.68344512861,1.5044588113644715,2838.8986854091827,2.317734736213237,1337801.8974506038,1.4142135623730951
341,18,20,322.4704104729771,1.874272162417323,126903.68344526029,1.5044588113660324,2838.8986854114432,2.317734736214005,1337801.897451442,1.4142135623730951
342,19,2,346.08890936668075,1.905677343734178,145842.43695810877,1.5414290297633222,3024.7242083531555,2.3242515906688292,1498364.7526582545,1.4142135623730951
343,19,3,340.62596132471486,1.8755965869349436,143069.06686316623,1.512116894943127,2997.358653523371,2.318139697300278,1489517.509932875,1.4142135623730951
344,19,4,340.35806332095353,1.8741214539781152,142968.9327756736,1.5110585638253171,2996.560408724736,2.317692917905113,1489160.5712043205,1.4142135623730951
345,19,5,340.3812874753594,1.874249333675155,142973.29515243543,1.5111046703929232,2996.6334426997128,2.317743599269287,1489198.8301341427,1.4142135623730951
346,19,6,340.38306432894086,1.8742591176050114,142973.76664845485,1.5111096537000246,2996.637766265893,2.317746787997774,1489200.8964436457,1.4142135623730951
347,19,7,340.3829660901849,1.8742585766706836,142973.70823896126,1.5111090363619513,2996.6375022353677,2.317746525587178,1489200.7808874748,1.4142135623730951
348,19,8,340.38295829615436,1.8742585337542337,142973.7034323011,1.5111089855596904,2996.6374827937884,2.31774651337455,1489200.7745268587,1.4142135623730951
349,19,9,340.38295858429734,1.8742585353408419,142973.70344685006,1.5111089857134605,2996.637483559349,2.31774651402242,1489200.774771197,1.4142135623730951
350,19,10,340.3829586032219,1.8742585354450465,142973.7034569418,1.5111089858201214,2996.6374836130094,2.3177465140525015,1489200.774780607,1.4142135623730951
351,19,11,340.3829597428415,1.8742585417201603,142973.7040682011,1.511108992280606,2996.6374911122325,2.3177465134123207,1489200.7783262853,1.4142135623730951
352,19,12,340.38295860097685,1.8742585354326846,142973.7034551188,1.511108985800854,2996.637483604247,2.3177465140500337,1489200.7747781817,1.4142135623730951
353,19,13,340.3829586009798,1.874258535432701,142973.7034550991,1.511108985800646,2996.6374836038226,2.317746514049861,1489200.77477787,1.4142135623730951
354,19,14,340.38295860100914,1.8742585354328625,142973.70345511875,1.5111089858008535,2996.63748360411,2.317746514050269,1489200.7747780262,1.4142135623730951
355,19,15,340.38295860086487,1.8742585354320682,142973.70345505708,1.5111089858002016,2996.637483604391,2.3177465140500724,1489200.7747783286,1.4142135623730951
356,19,16,340.38295860050926,1.87425853543011,142973.7034548296,1.5111089857977973,2996.6374836002815,2.3177465140488303,1489200.7747759602,1.4142135623730951
357,19,17,340.38295860160656,1.874258535436152,142973.7034553661,1.5111089858034676,2996.6374836072064,2.3177465140508167,1489200.7747796285,1.4142135623730951
358,19,18,340.38295860114647,1.8742585354336188,142973.7034551828,1.5111089858015305,2996.637483606015,2.3177465140507603,1489200.774779004,1.4142135623730951
359,19,19,340.3829586009917,1.8742585354327663,142973.70345509893,1.511108985800644,2996.6374836043756,2.3177465140499884,1489200.7747781668,1.4142135623730951
360,19,20,340.38295860102033,1.8742585354329242,142973.70345512376,1.5111089858009064,2996.6374836052464,2.3177465140509703,1489200.77477879,1.4142135623730951
361,20,2,363.68812955826263,1.9024551195058776,160211.986607342,1.5360877329352476,3180.5626348360724,2.323118797285507,1658321.5511310073,1.4142135623730951
362,20,3,358.50723010364777,1.875353798648777,157481.5781488301,1.5099089991972903,3154.968352183286,2.318063845615608,1649335.446682741,1.4142135623730951
363,20,4,358.27594661598727,1.8741439531262098,157379.0396791067,1.5089258762185953,3154.2860851289615,2.3177008945197657,1649019.5681490893,1.4142135623730951
364,20,5,358.2967121446404,1.8742525777501242,157382.35400814534,1.5089576534924871,3154.350518419672,2.317743562891776,1649055.525467508,1.4142135623730951
365,20,6,358.2981125763607,1.8742599034181329,157382.20032778452,1.5089561800289713,3154.353899505708,2.317745934352899,1649057.2391913168,1.4142135623730951
366,20,7,358.29803201628096,1.874259482007799,157382.14427484816,1.5089556426020925,3154.3536849066427,2.317745735022901,1649057.145993498,1.4142135623730951
367,20,8,358.2980264283893,1.8742594527774987,157382.14065540428,1.5089556078994246,3154.3536710504495,2.317745726822749,1649057.1412607117,1.4142135623730951
368,20,9,358.29802663343963,1.8742594538501187,157382.14058400504,1.5089556072148598,3154.3536717231163,2.317745727244261,1649057.14157731,1.4142135623730951
369,20,10,358.2980266500579,1.874259453937049,157382.14057876292,1.508955607164599,3154.3536717249135,2.31774572725239,1649057.1415647846,1.4142135623730951
370,20,11,358.29802786166846,1.874259460274992,157382.14127169302,1.5089556138083056,3154.3536796797766,2.3177457266405264,1649057.145559352,1.4142135623730951
371,20,12,358.2980266505718,1.874259453939737,157382.14057771512,1.508955607154553,3154.3536717226475,2.31774572725241,1649057.1415644581,1.4142135623730951
372,20,13,358.29802665057184,1.8742594539397373,157382.14057771495,1.5089556071545513,3154.3536717226516,2.3177457272525883,1649057.141564458,1.4142135623730951
373,20,14,358.29802665059333,1.8742594539398498,157382.14057771498,1.5089556071545516,3154.3536717226557,2.3177457272525137,1649057.141564455,1.4142135623730951
374,20,15,358.2980266505934,1.87425945393985,157382.14057772,1.5089556071545998,3154.353671722618,2.3177457272525595,1649057.1415643708,1.4142135623730951
375,20,16,358.29802664982105,1.87425945393581,157382.14057743392,1.5089556071518568,3154.3536717140078,2.3177457272537785,1649057.1415602139,1.4142135623730951
376,20,17,358.2980266509769,1.8742594539418562,157382.14057788052,1.5089556071561387,3154.353671727283,2.3177457272524213,1649057.1415664635,1.4142135623730951
377,20,18,358.2980266509282,1.8742594539416013,157382.1405778833,1.5089556071561656,3154.353671724526,2.3177457272522797,1649057.1415653038,1.4142135623730951
378,20,19,358.2980266505965,1.8742594539398665,157382.1405777546,1.5089556071549313,3154.3536717226693,2.3177457272526403,1649057.141564457,1.4142135623730951
379,20,20,358.2980266508631,1.874259453941261,157382.1405779724,1.5089556071570196,3154.3536717256434,2.3177457272524222,1649057.1415661525,1.4142135623730951
