K,N,h,l2phi,relL2phi,l2u,relL2u,l2divu_f
20,2,0.1,19.691194452136667,0.1217036988408302,117.01721072229161,0.04335647950203694,8.77783411979228e-11
20,3,0.1,2.394095471977417,0.014796983241720948,9.393143620628923,0.003480288380945879,1.951674066490765e-10
20,4,0.1,0.2634811953900895,0.0016284759226730342,0.8291788935474501,0.00030722213834792096,3.2131260910892356e-10
20,5,0.1,0.025335897197499922,0.0001565914353180429,0.06932299625255536,2.5685119714369828e-05,5.265803844879243e-10
20,6,0.1,0.00213599877954842,1.3201786860742412e-05,0.005556717057940745,2.05883978719151e-06,7.143631531145545e-10
20,7,0.1,0.00017186303408448983,1.0622193078704007e-06,0.000427403672105955,1.5835891519184095e-07,1.0340381168385792e-09
20,8,0.1,1.3542604028332634e-05,8.370162643972907e-08,5.312261974061449e-05,1.9682658300106766e-08,1.2993293252551994e-09
20,9,0.1,7.0965446020414194e-06,4.3861012553438664e-08,4.3697161853503736e-05,1.6190397040780903e-08,1.767308967500991e-09
20,10,0.1,7.033749698540191e-06,4.347290140847847e-08,4.363461055172511e-05,1.6167220926629397e-08,2.3432364419285465e-09
20,11,0.1,7.0337731958085655e-06,4.3473046636056254e-08,8.493321196355155e-05,3.146891846772065e-08,2.8220809798740473e-09
20,12,0.1,7.033833363728322e-06,4.347341851082513e-08,4.362385018956086e-05,1.6163234065049555e-08,3.3054066471023944e-09
20,13,0.1,7.033807906385094e-06,4.3473261168778616e-08,4.3623822359842914e-05,1.616322375375784e-08,4.163463722436342e-09
20,14,0.1,7.0338079071577255e-06,4.347326117355395e-08,4.362371331520564e-05,1.616318335122601e-08,4.995570882117458e-09
20,15,0.1,7.033807907357909e-06,4.347326117479121e-08,4.3623786778185603e-05,1.61632105702664e-08,5.892222908921345e-09
20,16,0.1,7.033807496650466e-06,4.347325863636648e-08,4.36226719257014e-05,1.616279750214949e-08,0.0
20,17,0.1,7.03380790735826e-06,4.347326117479338e-08,4.3624039295677966e-05,1.6163304131456365e-08,0.0
20,18,0.1,7.033807907584571e-06,4.347326117619212e-08,4.362423907729455e-05,1.6163378153281963e-08,0.0
20,19,0.1,7.033807459417272e-06,4.3473258406242426e-08,4.362376766263903e-05,1.6163203487694544e-08,0.0
20,20,0.1,7.0338079075844395e-06,4.3473261176191306e-08,4.362305611151822e-05,1.6162939848257288e-08,0.0
19,2,0.10526315789473684,20.777596419944075,0.1351773790640693,122.68473059066066,0.04782876389811399,8.536725849085964e-11
19,3,0.10526315789473684,2.6477319628817306,0.017225932199884327,9.96726334919977,0.003885747502105947,1.6014529644710033e-10
19,4,0.10526315789473684,0.30658236314483045,0.0019946003127390825,0.9846440839113674,0.00038386447267184663,2.762183632822006e-10
19,5,0.10526315789473684,0.030874311211569444,0.00020086579725758292,0.08771963449994896,3.4197586509158424e-05,4.6113472592396234e-10
19,6,0.10526315789473684,0.0027783020133811736,1.8075410496316913e-05,0.007420342070409434,2.892827715561469e-06,6.275191707877179e-10
19,7,0.10526315789473684,0.00022779364191804368,1.4820071994652372e-06,0.0006124156032113094,2.3875083029888117e-07,9.353870010013488e-10
19,8,0.10526315789473684,1.850217162025372e-05,1.2037364746476458e-07,6.036417439736325e-05,2.3533033257325724e-08,1.2136531908541504e-09
19,9,0.10526315789473684,6.749469586613753e-06,4.391150883628291e-08,4.133531053935403e-05,1.611461180966628e-08,1.5586548656616004e-09
19,10,0.10526315789473684,6.63154182374152e-06,4.3144280251139355e-08,4.1205780889798716e-05,1.6064114547321086e-08,2.1025526340595616e-09
19,11,0.10526315789473684,6.6315196880528805e-06,4.314413623812102e-08,8.005284917044852e-05,3.1208682644620657e-08,2.626325130969606e-09
19,12,0.10526315789473684,6.631396895253994e-06,4.314333735800101e-08,4.1203764850846996e-05,1.6063328592536272e-08,3.1830858446196595e-09
19,13,0.10526315789473684,6.6313850940742205e-06,4.314326058047009e-08,4.120362326549263e-05,1.606327339534545e-08,3.685491226054518e-09
19,14,0.10526315789473684,6.631384043354131e-06,4.31432537445693e-08,4.12037224356176e-05,1.6063312056917024e-08,4.41372699382915e-09
19,15,0.10526315789473684,6.6313840433541245e-06,4.314325374456926e-08,4.120446253731171e-05,1.6063600586296498e-08,5.490733459005525e-09
19,16,0.10526315789473684,6.631384043380762e-06,4.314325374474256e-08,4.120658992967435e-05,1.6064429952319e-08,0.0
19,17,0.10526315789473684,6.631384516940835e-06,4.3143256825686486e-08,4.1203425202043915e-05,1.6063196180113532e-08,0.0
19,18,0.10526315789473684,6.631392046154642e-06,4.31433058101488e-08,4.120347827469519e-05,1.606321687053927e-08,0.0
19,19,0.10526315789473684,6.6314405192367075e-06,4.3143621172140455e-08,4.1203660202875284e-05,1.606328779542071e-08,0.0
19,20,0.10526315789473684,6.631392519714146e-06,4.314330889108903e-08,4.120441173532376e-05,1.606358078109111e-08,0.0
18,2,0.1111111111111111,21.99060174819465,0.15101400600575357,131.89416082193154,0.05431225649338936,7.675949026243805e-11
18,3,0.1111111111111111,2.9509251672650603,0.020264612857557655,10.88080431963573,0.004480570113033912,1.5360438164801255e-10
18,4,0.1111111111111111,0.35619241867962115,0.002446046937215084,1.1522607071196036,0.00047448559270811866,2.4423501432066934e-10
18,5,0.1111111111111111,0.03894181785695505,0.000267421509564101,0.1028002468405248,4.23317707106403e-05,4.058478411124623e-10
18,6,0.1111111111111111,0.003465286164000297,2.3796836101811413e-05,0.009754979697371992,4.016970547519304e-06,5.376741579403774e-10
18,7,0.1111111111111111,0.00033699338346613217,2.3142031954096773e-06,0.0007624601584751298,3.1397092513443315e-07,8.128512654018367e-10
18,8,0.1111111111111111,2.2708001732960733e-05,1.559405399336797e-07,7.814850489903572e-05,3.21805121333738e-08,1.132331736126939e-09
18,9,0.1111111111111111,6.704384057116172e-06,4.6040390611381935e-08,3.95936980641313e-05,1.6304156843487325e-08,1.327040026670794e-09
18,10,0.1111111111111111,6.339977175681113e-06,4.353793326111457e-08,3.936727498739438e-05,1.621091884005243e-08,1.7600540072859906e-09
18,11,0.1111111111111111,6.341959047934174e-06,4.355154318738005e-08,7.5467113916975e-05,3.107635108583994e-08,2.3167134617476354e-09
18,12,0.1111111111111111,6.343085653267958e-06,4.3559279818991603e-08,3.9372459228666516e-05,1.621305364147155e-08,2.7499900574190263e-09
18,13,0.1111111111111111,6.343091970952735e-06,4.355932320383835e-08,3.937216389492354e-05,1.6212932026974743e-08,3.310978188365462e-09
18,14,0.1111111111111111,6.343092833361328e-06,4.355932912617636e-08,3.9372224678399775e-05,1.621295705679965e-08,4.20864552615196e-09
18,15,0.1111111111111111,6.343092406854807e-06,4.3559326197267956e-08,3.937206970050845e-05,1.621289323897078e-08,4.937056559386191e-09
18,16,0.1111111111111111,6.343092833368274e-06,4.355932912622406e-08,3.937302229020665e-05,1.621328550270482e-08,0.0
18,17,0.1111111111111111,6.343092833364773e-06,4.3559329126200017e-08,3.937361026723656e-05,1.6213527623804508e-08,0.0
18,18,0.1111111111111111,6.343092620108057e-06,4.3559327661722085e-08,3.937290386878212e-05,1.6213236738341458e-08,0.0
18,19,0.1111111111111111,6.343092833361326e-06,4.3559329126176346e-08,3.937249407079642e-05,1.621306798899599e-08,0.0
18,20,0.1111111111111111,6.3430924068548046e-06,4.3559326197267936e-08,3.937282221561108e-05,1.6213203114654545e-08,0.0
17,2,0.11764705882352941,23.276195501691248,0.16924871781971887,142.2543209590252,0.06199082595103912,5.775089114081079e-11
17,3,0.11764705882352941,3.2921061178831237,0.02393796440392013,12.44870507242769,0.005424830010492013,1.295118692045472e-10
17,4,0.11764705882352941,0.42408900369473645,0.0030836878007645574,1.3767868574801057,0.000599968801498205,2.252876728887894e-10
17,5,0.11764705882352941,0.047733582927409014,0.0003470862627364592,0.13708185553979785,5.973679667882144e-05,3.890236640363315e-10
17,6,0.11764705882352941,0.004798388756947752,3.489063084450175e-05,0.012940254366837442,5.6390347288491305e-06,4.916641312369361e-10
17,7,0.11764705882352941,0.0004395621255661136,3.1961978558209582e-06,0.0011879334999904951,5.176712970323832e-07,7.114189912871699e-10
17,8,0.11764705882352941,3.776459661418525e-05,2.745985509300837e-07,0.00010259071684954784,4.4706433024586255e-08,1.0077925480079918e-09
17,9,0.11764705882352941,6.666303561189004e-06,4.8472841287412505e-08,3.777975442562236e-05,1.6463459002741595e-08,1.1963148653870538e-09
17,10,0.11764705882352941,5.984371960383373e-06,4.351429687800869e-08,3.701980825064206e-05,1.6132293729533962e-08,1.6315483751107642e-09
17,11,0.11764705882352941,5.98138192067934e-06,4.3492555335835234e-08,7.145129044818081e-05,3.113666059694692e-08,2.0925937733875186e-09
17,12,0.11764705882352941,5.9809254915982145e-06,4.348923649291047e-08,3.702563049534894e-05,1.613483091614338e-08,2.5926043734363036e-09
17,13,0.11764705882352941,5.980999112858454e-06,4.348977181681677e-08,3.702592817688655e-05,1.61349606382092e-08,3.034247370094947e-09
17,14,0.11764705882352941,5.980926417440959e-06,4.34892432250114e-08,3.702586073090386e-05,1.613493124696016e-08,3.5390890881689124e-09
17,15,0.11764705882352941,5.9809257287721696e-06,4.348923821747872e-08,3.702480959539801e-05,1.6134473188760206e-08,4.2428534968552115e-09
17,16,0.11764705882352941,5.980926417440867e-06,4.348924322501074e-08,3.702568263910077e-05,1.613485363906822e-08,0.0
17,17,0.11764705882352941,5.980926417440729e-06,4.348924322500973e-08,3.70260118415801e-05,1.6134997097161175e-08,0.0
17,18,0.11764705882352941,5.980926417458074e-06,4.348924322513585e-08,3.702592163989346e-05,1.6134957789553366e-08,0.0
17,19,0.11764705882352941,5.980923766470936e-06,4.348922394895414e-08,3.7026037076990676e-05,1.6135008094113213e-08,0.0
17,20,0.11764705882352941,5.9809257287721696e-06,4.348923821747872e-08,3.702600438532671e-05,1.6134993847915013e-08,0.0
16,2,0.125,24.692538487992763,0.1907188692833489,162.6083175970079,0.07552085417163873,5.451857729150037e-11
16,3,0.125,3.7450098965395813,0.0289255012509263,14.063242593636097,0.006531449982321894,1.2435957840513e-10
16,4,0.125,0.48835637548904354,0.0037719400857014166,1.7162758059781011,0.0007970970782860427,1.9814729690841644e-10
16,5,0.125,0.06446257953518114,0.0004978925227155567,0.16219575923386312,7.532924798297153e-05,3.356503153413187e-10
16,6,0.125,0.0056807408315046005,4.3876593271410526e-05,0.018833596886130833,8.746965376579775e-06,4.585264387472222e-10
16,7,0.125,0.0007223302824969129,5.57909486681261e-06,0.001422207398479206,6.605216702909307e-07,6.180149398629778e-10
16,8,0.125,4.410212866287504e-05,3.406335932477079e-07,0.00017410571149937802,8.086063642316336e-08,9.621131418814184e-10
16,9,0.125,8.053533749567616e-06,6.220344057374727e-08,3.606445488653766e-05,1.6749564096812045e-08,1.0499723322836011e-09
16,10,0.125,5.624562391561315e-06,4.344268532997729e-08,3.4832671111118305e-05,1.6177481658169638e-08,1.3996542121907897e-09
16,11,0.125,5.622436782593408e-06,4.342626766846003e-08,6.751930558690797e-05,3.135827063678455e-08,1.7075714550275378e-09
16,12,0.125,5.6213183083628916e-06,4.341762885877789e-08,3.479170887461228e-05,1.615845739707752e-08,2.180915394442708e-09
16,13,0.125,5.621213486915228e-06,4.341681924465155e-08,3.478975631550238e-05,1.6157550561966137e-08,2.614203957089916e-09
16,14,0.125,5.621213292876544e-06,4.3416817745946244e-08,3.478941500815385e-05,1.6157392047181177e-08,3.116083478770337e-09
16,15,0.125,5.621213292658807e-06,4.34168177442645e-08,3.478829585417813e-05,1.615687227386672e-08,3.751766529810033e-09
16,16,0.125,5.621213277346547e-06,4.341681762599651e-08,3.478983803136106e-05,1.61575885136007e-08,0.0
16,17,0.125,5.6212132926588265e-06,4.341681774426465e-08,3.478991277192415e-05,1.6157623225669857e-08,0.0
16,18,0.125,5.621213292658741e-06,4.341681774426399e-08,3.478949188669659e-05,1.6157427752201075e-08,0.0
16,19,0.125,5.621213277346575e-06,4.3416817625996724e-08,3.4789564887647314e-05,1.6157461656334856e-08,0.0
16,20,0.125,5.621213292658824e-06,4.341681774426463e-08,3.478834965188474e-05,1.6156897259358336e-08,0.0
15,2,0.13333333333333333,26.35732858681903,0.21720613382380333,166.58010965715053,0.08228498094384384,4.910158146031227e-11
15,3,0.13333333333333333,4.1990976635469766,0.03460402923776271,16.030545410074954,0.007918551178182751,8.837540666479423e-11
15,4,0.13333333333333333,0.6092446061007162,0.00502067821510257,2.0283994573534696,0.0010019612247726053,1.6993783467746667e-10
15,5,0.13333333333333333,0.07771767696621412,0.0006404577796264404,0.22741645924184428,0.00011233609494882654,2.7964579944825685e-10
15,6,0.13333333333333333,0.008848702851193527,7.29206121679788e-05,0.02455327576636631,1.21284938081902e-05,3.842812993638888e-10
15,7,0.13333333333333333,0.0009187419591281279,7.57119175665333e-06,0.0025486640452099187,1.2589544623544193e-06,5.66369412627301e-10
15,8,0.13333333333333333,8.844851584870581e-05,7.288887455596788e-07,0.00023182090681221255,1.1451174416133955e-07,7.790981904194577e-10
15,9,0.13333333333333333,9.525723792767504e-06,7.849982330664382e-08,3.949840011138758e-05,1.95108834252009e-08,9.343224349908056e-10
15,10,0.13333333333333333,5.321354521946669e-06,4.385235167557404e-08,3.2627486905629284e-05,1.6116883004825038e-08,1.216977209925015e-09
15,11,0.13333333333333333,5.280936492853628e-06,4.3519273768715624e-08,6.30019628391218e-05,3.112085423831011e-08,1.622851759753003e-09
15,12,0.13333333333333333,5.281093356872763e-06,4.352056645765487e-08,3.260652663564673e-05,1.610652933523242e-08,1.989044913449071e-09
15,13,0.13333333333333333,5.281022615117761e-06,4.351998348722775e-08,3.2606021712524715e-05,1.6106279920163845e-08,2.2637030932541495e-09
15,14,0.13333333333333333,5.281020571886826e-06,4.351996664931907e-08,3.2606113248663566e-05,1.6106325135942948e-08,2.7174151638149783e-09
15,15,0.13333333333333333,5.281020164765533e-06,4.3519963294303715e-08,3.2606111111187063e-05,1.6106324080101324e-08,3.3650276532871227e-09
15,16,0.13333333333333333,5.281020164766069e-06,4.3519963294308136e-08,3.260655609974958e-05,1.6106543889509916e-08,0.0
15,17,0.13333333333333333,5.281049422524559e-06,4.352020440237738e-08,3.2607478425364695e-05,1.6106999487395043e-08,0.0
15,18,0.13333333333333333,5.28102016476606e-06,4.3519963294308056e-08,3.260714839802951e-05,1.6106836464972722e-08,0.0
15,19,0.13333333333333333,5.281020164766086e-06,4.3519963294308275e-08,3.260650554465482e-05,1.610651891699058e-08,0.0
15,20,0.13333333333333333,5.281020164766055e-06,4.3519963294308016e-08,3.260612697249186e-05,1.610633191505332e-08,0.0
14,2,0.14285714285714285,28.08004193533131,0.2474040845544094,185.02830703059942,0.09844200608778267,4.1917142342949496e-11
14,3,0.14285714285714285,4.972740330344621,0.04381319201691522,17.955401641367718,0.009552947795148928,8.503496451366262e-11
14,4,0.14285714285714285,0.6786555314157655,0.005979412383513688,2.5560904661047235,0.001359936094446301,1.6192975430463685e-10
14,5,0.14285714285714285,0.11378423146437923,0.0010025157258312914,0.26880381471594456,0.0001430137214643059,2.357889237841409e-10
14,6,0.14285714285714285,0.010170441763691515,8.960844288818702e-05,0.03835112279740383,2.0404237192047436e-05,3.472568602724626e-10
14,7,0.14285714285714285,0.0016018552926382816,1.4113424159996138e-05,0.0030795412686274054,1.6384315739518816e-06,4.935070820582186e-10
14,8,0.14285714285714285,0.00011547814491262143,1.0174402443538034e-06,0.0004339350566584137,2.3086974190497997e-07,6.453491064929943e-10
14,9,0.14285714285714285,1.6293605986181178e-05,1.4355764433632558e-07,4.3420333357336744e-05,2.3101247529598872e-08,9.222914946857886e-10
14,10,0.14285714285714285,4.994238565145176e-06,4.4002605947016045e-08,3.154543082507122e-05,1.6783353548221285e-08,9.585071738483673e-10
14,11,0.14285714285714285,4.8834446023267145e-06,4.302643650224156e-08,5.82286370160076e-05,3.097982104254536e-08,1.4175999480804911e-09
14,12,0.14285714285714285,4.885418553869301e-06,4.3043828345012775e-08,3.137737957318495e-05,1.669394397286095e-08,1.7329328299172182e-09
14,13,0.14285714285714285,4.8843358202677995e-06,4.3034288732639235e-08,3.137736995798911e-05,1.6693938857215766e-08,2.023859039814514e-09
14,14,0.14285714285714285,4.884289081693399e-06,4.303387693431501e-08,3.1377190175487365e-05,1.6693843206175042e-08,2.4493853658303077e-09
14,15,0.14285714285714285,4.88432816861968e-06,4.303422131646504e-08,3.137725591315126e-05,1.6693878181080303e-08,2.8172110744299195e-09
14,16,0.14285714285714285,4.884328168619161e-06,4.303422131646047e-08,3.1376935638519785e-05,1.669370778295189e-08,0.0
14,17,0.14285714285714285,4.884328168619133e-06,4.3034221316460225e-08,3.137863220018161e-05,1.6694610417452105e-08,0.0
14,18,0.14285714285714285,4.8843281686191435e-06,4.303422131646032e-08,3.137756744090383e-05,1.6694043925540743e-08,0.0
14,19,0.14285714285714285,4.88432816861918e-06,4.3034221316460636e-08,3.137721103004543e-05,1.66938543015829e-08,0.0
14,20,0.14285714285714285,4.884328168619132e-06,4.303422131646021e-08,3.13771334262544e-05,1.6693813013452498e-08,0.0
13,2,0.15384615384615385,30.173783967383144,0.28690235366017686,195.23032356163162,0.11128919388909146,3.242700652925726e-11
13,3,0.15384615384615385,5.528121632293665,0.05256321545018146,21.404256025778327,0.012201293095499138,8.924498931663402e-11
13,4,0.15384615384615385,0.9175015170425722,0.008723908973791399,3.040925340760659,0.0017334506426883482,1.4271869971149292e-10
13,5,0.15384615384615385,0.13503671114550478,0.0012839738728180048,0.4078394656888951,0.00023248501843693603,1.9730647842450887e-10
13,6,0.15384615384615385,0.017727257295629097,0.00016855664664244024,0.04788229711798083,2.729484923552784e-05,3.051584963920406e-10
13,7,0.15384615384615385,0.0021237260097172143,2.0193091836802423e-05,0.006055481041789889,3.4518695224040243e-06,4.1798539443437036e-10
13,8,0.15384615384615385,0.00023542397601805464,2.23848930915093e-06,0.0005946312342792368,3.3896389411720083e-07,5.736267493208917e-10
13,9,0.15384615384615385,2.4875968097047417e-05,2.3652896184095456e-07,7.519503022884577e-05,4.286421364246891e-08,7.69798699701873e-10
13,10,0.15384615384615385,5.191894613904698e-06,4.936625735423257e-08,2.8971203255687747e-05,1.6514759579879916e-08,9.623141015037807e-10
13,11,0.15384615384615385,4.6060567558168106e-06,4.379591654015574e-08,5.4187224418160766e-05,3.088891323114911e-08,1.189138364955349e-09
13,12,0.15384615384615385,4.599286337119702e-06,4.373154115185293e-08,2.828690060844485e-05,1.612467934747282e-08,1.5198474029908627e-09
13,13,0.15384615384615385,4.598814208537548e-06,4.3727051996578386e-08,2.8289243459777223e-05,1.6126014867649325e-08,1.75741660180277e-09
13,14,0.15384615384615385,4.5988877032134405e-06,4.3727750808352135e-08,2.8289281941372504e-05,1.6126036803717657e-08,2.0717880208666113e-09
13,15,0.15384615384615385,4.598892133188852e-06,4.372779293002881e-08,2.8289308642295406e-05,1.612605202432546e-08,2.438173357305855e-09
13,16,0.15384615384615385,4.5988921331900025e-06,4.372779293003975e-08,2.8289295174947442e-05,1.612604434739151e-08,0.0
13,17,0.15384615384615385,4.598892132323464e-06,4.3727792921800406e-08,2.828784760931275e-05,1.612521917633382e-08,0.0
13,18,0.15384615384615385,4.5988921323241874e-06,4.372779292180729e-08,2.828857568724403e-05,1.612563421025162e-08,0.0
13,19,0.15384615384615385,4.598892132324549e-06,4.372779292181073e-08,2.828913048772377e-05,1.6125950469001966e-08,0.0
13,20,0.15384615384615385,4.598892132323462e-06,4.372779292180039e-08,2.82890639724137e-05,1.612591255258046e-08,0.0
12,2,0.16666666666666666,32.492697150841785,0.3312578151171436,228.22824305939602,0.14229723759007665,2.4273290050023715e-11
12,3,0.16666666666666666,6.723765035940324,0.06854770180594047,23.987007539910188,0.014955576335454935,6.1405293915765e-11
12,4,0.16666666666666666,1.0410183203431456,0.010613014139543513,4.157162057080491,0.0025919345870917643,1.16920201714678e-10
12,5,0.16666666666666666,0.20136064863707004,0.0020528393875224545,0.46646794925700774,0.00029083648769230423,1.9898810188282716e-10
12,6,0.16666666666666666,0.023426501308094115,0.00023882940844007836,0.08047521888287322,5.0175215775154634e-05,2.6423154685380614e-10
12,7,0.16666666666666666,0.003635033137048953,3.705857747872608e-05,0.007300061553586814,4.551490119663177e-06,3.2950722824839744e-10
12,8,0.16666666666666666,0.00038398698386493094,3.914685466645651e-06,0.0011945504066471796,7.447860998682756e-07,4.3938886296700846e-10
12,9,0.16666666666666666,4.729988515875273e-05,4.822147124396017e-07,0.00010387450448012909,6.476435539011561e-08,6.069641803027352e-10
12,10,0.16666666666666666,6.3547841063617376e-06,6.478600064630224e-08,2.9811240316869343e-05,1.8586907077580406e-08,7.982832880843091e-10
12,11,0.16666666666666666,4.145837561243894e-06,4.226614632798067e-08,5.374910525118479e-05,3.3511843659907635e-08,9.759932141772086e-10
12,12,0.16666666666666666,4.112526190731957e-06,4.192654226977905e-08,2.6811341967708468e-05,1.671651083558011e-08,1.2823244098949263e-09
12,13,0.16666666666666666,4.1127951222348e-06,4.1929283983144186e-08,2.6802310693217066e-05,1.6710879957495888e-08,1.6016788407341096e-09
12,14,0.16666666666666666,4.1127373339421965e-06,4.192869484080681e-08,2.6807631056719578e-05,1.6714197132527486e-08,1.7223693665929684e-09
12,15,0.16666666666666666,4.112722086188383e-06,4.192853939241205e-08,2.6808732275601997e-05,1.6714883727678243e-08,2.2109339249416395e-09
12,16,0.16666666666666666,4.112722087480321e-06,4.1928539405583145e-08,2.6807553967623258e-05,1.671414906851355e-08,0.0
12,17,0.16666666666666666,4.112721445726298e-06,4.1928532863004224e-08,2.680712156411964e-05,1.671387947074921e-08,0.0
12,18,0.16666666666666666,4.112722087479689e-06,4.1928539405576706e-08,2.6807084215281652e-05,1.6713856184251438e-08,0.0
12,19,0.16666666666666666,4.1127220874420316e-06,4.1928539405192795e-08,2.6807497010058203e-05,1.671411355623839e-08,0.0
12,20,0.16666666666666666,4.1127216670891565e-06,4.192853511976292e-08,2.6807515843259586e-05,1.6714125298485957e-08,0.0
11,2,0.18181818181818182,34.89069643910778,0.3919273725722957,226.41018230277,0.15247817599877575,2.217148774411174e-11
11,3,0.18181818181818182,7.570474027667662,0.08503917369401943,30.035626957004276,0.02022778996423095,5.733871907734131e-11
11,4,0.18181818181818182,1.4671029998400167,0.016479975543730783,4.862430918744876,0.0032746521815825566,9.542421722474614e-11
11,5,0.18181818181818182,0.2550451814705237,0.002864923835367353,0.7928074737411028,0.0005339240324120427,1.6022021983223008e-10
11,6,0.18181818181818182,0.0395755829976459,0.0004445527273826127,0.10632637063877397,7.160654565389523e-05,2.2077684281433565e-10
11,7,0.18181818181818182,0.005584552490094152,6.273130684721416e-05,0.016150150505271518,1.0876478549257278e-05,3.217683336582195e-10
11,8,0.18181818181818182,0.000738005901219437,8.290024084574555e-06,0.0018469775641238666,1.243865303335448e-06,4.214432538698873e-10
11,9,0.18181818181818182,8.863553188522333e-05,9.956433855927886e-07,0.0002584658398878198,1.74066375563376e-07,5.794794988935043e-10
11,10,0.18181818181818182,1.1428405761911812e-05,1.2837534070932752e-07,3.4705894660496254e-05,2.3373027928405922e-08,6.843791234405272e-10
11,11,0.18181818181818182,4.03116553904107e-06,4.528210323567707e-08,4.557148058364915e-05,3.069056420645545e-08,8.693350050834891e-10
11,12,0.18181818181818182,3.886735153407024e-06,4.365971597092454e-08,2.3841758393012054e-05,1.605646793530056e-08,1.0749625278213207e-09
11,13,0.18181818181818182,3.882499010625206e-06,4.361213135726638e-08,2.384028742132093e-05,1.6055477294870314e-08,1.2925259320871539e-09
11,14,0.18181818181818182,3.882676058462741e-06,4.3614120136536114e-08,2.3836277556747307e-05,1.6052776811923967e-08,1.5152661557322865e-09
11,15,0.18181818181818182,3.882750268992505e-06,4.3614953743798675e-08,2.3836242882427444e-05,1.6052753460160398e-08,1.789464657422952e-09
11,16,0.18181818181818182,3.882756895933861e-06,4.3615028184265016e-08,2.3838198122203604e-05,1.605407023572092e-08,0.0
11,17,0.18181818181818182,3.882756900062211e-06,4.3615028230638786e-08,2.383716031132946e-05,1.605337131172593e-08,0.0
11,18,0.18181818181818182,3.882756900062211e-06,4.3615028230638786e-08,2.3836226578194998e-05,1.6052742479913842e-08,0.0
11,19,0.18181818181818182,3.882756890582092e-06,4.361502812414856e-08,2.383577887899661e-05,1.6052440972461872e-08,0.0
11,20,0.18181818181818182,3.88275689592229e-06,4.3615028184135036e-08,2.383574103991335e-05,1.60524154893571e-08,0.0
10,2,0.2,39.38441751810211,0.47661808913702575,243.42868296536656,0.18051375744185164,1.7763114301042806e-11
10,3,0.2,9.065869893015194,0.10971236486581953,32.538342085275765,0.02412870299091715,3.7899774250813923e-11
10,4,0.2,1.8778832332940678,0.022725564440903498,6.7020338762494065,0.0049698716797333285,6.768038470053752e-11
10,5,0.2,0.36952326873739644,0.0044718567732107625,0.8367298165757394,0.0006204743061244233,1.256695232660656e-10
10,6,0.2,0.061799492670783315,0.0007478784240708446,0.17874430624677615,0.00013254726579009247,1.4809710073264596e-10
10,7,0.2,0.009609213706676414,0.00011628774433138118,0.019566940762385694,1.4509802031681268e-05,2.389638652968659e-10
10,8,0.2,0.0014235581713126955,1.7227462487533357e-05,0.003554580653836893,2.6358878589730577e-06,3.0998707065467443e-10
10,9,0.2,0.00017882263664796452,2.164056465591335e-06,0.00040114392124141764,2.974669854683838e-07,4.03368150025661e-10
10,10,0.2,2.6039224342088925e-05,3.151186720695421e-07,5.836021604756748e-05,4.327683063282842e-08,5.568765095011223e-10
10,11,0.2,4.301863492194939e-06,5.2059826870256276e-08,4.0155566017401126e-05,2.977723091504667e-08,6.579816848292725e-10
10,12,0.2,3.4891361988067095e-06,4.222445151181245e-08,2.1826798375256836e-05,1.6185592181032655e-08,8.323516758403769e-10
10,13,0.2,3.477211507026292e-06,4.208014256507436e-08,2.1820909537368765e-05,1.618122533222424e-08,9.071270071812067e-10
10,14,0.2,3.4763173212780734e-06,4.206932140458738e-08,2.182510740811838e-05,1.618433824978612e-08,1.1436890264273582e-09
10,15,0.2,3.4755719881216613e-06,4.206030161231506e-08,2.1824530463034575e-05,1.61839104180136e-08,1.3202367647730528e-09
10,16,0.2,3.4760057235191676e-06,4.206555054449123e-08,2.182689176034361e-05,1.61856614304436e-08,0.0
10,17,0.2,3.475595540916327e-06,4.206058664098109e-08,2.1823923489315463e-05,1.6183460318603083e-08,0.0
10,18,0.2,3.475595540915922e-06,4.2060586640976184e-08,2.182430249894085e-05,1.6183741371972604e-08,0.0
10,19,0.2,3.4755955409159252e-06,4.2060586640976224e-08,2.1824308855162934e-05,1.618374608540866e-08,0.0
10,20,0.2,3.4755955409158837e-06,4.206058664097572e-08,2.1822960326227196e-05,1.6182746088110708e-08,0.0
9,2,0.2222222222222222,40.687229565378715,0.5585314718738803,256.5176803643364,0.2111597188174062,1.4126327646631167e-11
9,3,0.2222222222222222,10.889230660026593,0.1494812523016822,45.537290948654935,0.037485297460850005,4.25609996578409e-11
9,4,0.2222222222222222,2.539290679175637,0.034857958521767256,8.694172052150131,0.007156851423553619,6.21566426199028e-11
9,5,0.2222222222222222,0.533328229107022,0.007321230862287697,1.7687051165593644,0.0014559591937410479,1.2332556767244056e-10
9,6,0.2222222222222222,0.10424655601990442,0.001431038264181165,0.28657577875592366,0.00023590288504103126,1.415743313348412e-10
9,7,0.2222222222222222,0.01670970315974798,0.00022938143491419108,0.05303667967070967,4.36586294962962e-05,2.0223127831197467e-10
9,8,0.2222222222222222,0.0030598771745831807,4.200427800882949e-05,0.0073332357220214596,6.036558536177593e-06,2.6497433096121786e-10
9,9,0.2222222222222222,0.00036063614633674774,4.950610788103015e-06,0.0012879316858444465,1.0601970681033482e-06,3.3927668619571285e-10
9,10,0.2222222222222222,7.015263648368981e-05,9.630160551508623e-07,0.00013917889636184036,1.1456900974366161e-07,4.496052706101116e-10
9,11,0.2222222222222222,6.826672356132547e-06,9.371273000892392e-08,4.5009629336560853e-05,3.705093801442794e-08,6.50723189832084e-10
9,12,0.2222222222222222,3.425611344029727e-06,4.702487159943783e-08,1.9693527695316598e-05,1.6211279334662216e-08,6.53749243463127e-10
9,13,0.2222222222222222,3.193609155481334e-06,4.384007565161648e-08,1.9629301534675797e-05,1.6158409770262714e-08,9.22239283469217e-10
9,14,0.2222222222222222,3.1900402508229823e-06,4.379108372975058e-08,1.9613130501469575e-05,1.6145098131002752e-08,9.654197576040384e-10
9,15,0.2222222222222222,3.1906346350294653e-06,4.379924310283279e-08,1.9617289041845233e-05,1.6148521350077427e-08,1.1847724996452464e-09
9,16,0.2222222222222222,3.1907463496867355e-06,4.380077665900316e-08,1.9615186100668046e-05,1.61467902551017e-08,0.0
9,17,0.2222222222222222,3.1906897868254842e-06,4.380000019576185e-08,1.9616702141875986e-05,1.6148038226916853e-08,0.0
9,18,0.2222222222222222,3.1906897296353794e-06,4.3799999410688164e-08,1.961663175043332e-05,1.6147980282227742e-08,0.0
9,19,0.2222222222222222,3.1906898638967106e-06,4.380000125375243e-08,1.961688051954459e-05,1.6148185063494714e-08,0.0
9,20,0.2222222222222222,3.1906897097247663e-06,4.3799999137366435e-08,1.9618239273079686e-05,1.6149303559553176e-08,0.0
8,2,0.25,48.40821082592948,0.7761332746440639,274.6083777093345,0.25129079778633745,1.3671528976723965e-11
8,3,0.25,11.777875727571748,0.18883575948844375,44.5595434980827,0.040775898128207706,2.7983527458201023e-11
8,4,0.25,3.6812255333686927,0.05902142589385661,12.556363984388415,0.011490176480603945,4.542114862570894e-11
8,5,0.25,0.7638029287106441,0.012246122261667708,1.5754610748742393,0.00144168533272323,6.655100096788207e-11
8,6,0.25,0.19237068707296998,0.0030842968322121597,0.45036821047497017,0.00041212649028374277,9.925004237899396e-11
8,7,0.25,0.028459957742757006,0.00045630110723460216,0.06767768164463431,6.193102612044537e-05,1.222146853388262e-10
8,8,0.25,0.0073305199161056754,0.00011753089672719553,0.011886531513702633,1.0877220906029346e-05,1.7729662241907555e-10
8,9,0.25,0.0007415879137315093,1.1889946893319093e-05,0.002244513258161668,2.0539268757578214e-06,2.1658470115628643e-10
8,10,0.25,0.00020466335094774447,3.2813862371797383e-06,0.00024560488965980027,2.2475005743693548e-07,2.8320599346680325e-10
8,11,0.25,1.872080468514102e-05,3.001523749038797e-07,6.46964294151877e-05,5.920291834241938e-08,3.591715468445901e-10
8,12,0.25,5.147187386353172e-06,8.252532645220321e-08,1.7860520597390282e-05,1.6343945903020256e-08,4.66574802882588e-10
8,13,0.25,2.8217760567376363e-06,4.524179377550759e-08,1.724160036401322e-05,1.577757949967603e-08,5.184688970763887e-10
8,14,0.25,2.786252771342389e-06,4.467224568956262e-08,1.7217224692991316e-05,1.57552736185927e-08,7.460456975119857e-10
8,15,0.25,2.784816390444787e-06,4.464921606316926e-08,1.7223705072810596e-05,1.5761203735613634e-08,6.948742745648913e-10
8,16,0.25,2.7854326502685896e-06,4.465909661332633e-08,1.7230140388241636e-05,1.5767092614759137e-08,0.0
8,17,0.25,2.7854233849744637e-06,4.4658948062017615e-08,1.723080057412824e-05,1.5767696742861548e-08,0.0
8,18,0.25,2.7854236558551344e-06,4.46589524050722e-08,1.7230525062720688e-05,1.57674446257121e-08,0.0
8,19,0.25,2.7854236561716668e-06,4.46589524101472e-08,1.7230267898185805e-05,1.5767209297563437e-08,0.0
8,20,0.25,2.7854236561711132e-06,4.465895241013832e-08,1.7231066954795303e-05,1.5767940504581054e-08,0.0
7,2,0.2857142857142857,49.285976132940554,0.8630440708006099,289.8859246599569,0.30799524611919155,8.51988433998932e-12
7,3,0.2857142857142857,16.503530778505162,0.28899243767122396,77.72589663792171,0.08258147301533456,2.2881683085423525e-11
7,4,0.2857142857142857,4.9393118300310075,0.08649202315168261,17.977553558932637,0.019100620492352085,3.671978997692267e-11
7,5,0.2857142857142857,1.2245203483404095,0.02144250979952814,4.784688994809474,0.00508359095492053,6.05882247092008e-11
7,6,0.2857142857142857,0.352761379759891,0.00617718550177474,0.9404261022727756,0.0009991750001873256,8.51307727729703e-11
7,7,0.2857142857142857,0.060415192856678755,0.0010579271848160324,0.24725760391149496,0.00026270391244726047,1.2037668249543534e-10
7,8,0.2857142857142857,0.016627722862273774,0.00029116715855425496,0.037724909651301396,4.0081603984416664e-05,1.7087380773674109e-10
7,9,0.2857142857142857,0.002402544777229695,4.2070832060384496e-05,0.009730548972309272,1.0338421325963823e-05,2.3693259609874097e-10
7,10,0.2857142857142857,0.0005661041839280247,9.913019843142749e-06,0.001253585059911346,1.3318971575168367e-06,2.528101286751362e-10
7,11,0.2857142857142857,8.142728857669648e-05,1.4258688600978974e-06,0.00030440356787885653,3.234198139091614e-07,3.417573537414153e-10
7,12,0.2857142857142857,1.573143963579144e-05,2.7547239129861316e-07,3.82998592194445e-05,4.069247094511536e-08,4.2637292422341994e-10
7,13,0.2857142857142857,3.4103798341502314e-06,5.971897740449029e-08,1.7532458860754438e-05,1.862772050152794e-08,5.261968804532762e-10
7,14,0.2857142857142857,2.5043275916330535e-06,4.3853145435760804e-08,1.5606330555784045e-05,1.6581265979659106e-08,5.907605713737181e-10
7,15,0.2857142857142857,2.474944717393626e-06,4.333862350913776e-08,1.55565518268433e-05,1.652837754815078e-08,7.204658551181844e-10
7,16,0.2857142857142857,2.47642475496495e-06,4.336454036725269e-08,1.5561844985710206e-05,1.653400137334986e-08,0.0
7,17,0.2857142857142857,2.4757574417411883e-06,4.3352855081369725e-08,1.5561577045585674e-05,1.653371669486919e-08,0.0
7,18,0.2857142857142857,2.4758561202741002e-06,4.335458303583928e-08,1.5562261212199837e-05,1.6534443601720437e-08,0.0
7,19,0.2857142857142857,2.4758929327830744e-06,4.335522765769917e-08,1.5562673071368095e-05,1.6534881189940846e-08,0.0
7,20,0.2857142857142857,2.475892932758464e-06,4.3355227657268215e-08,1.5562189939987408e-05,1.653436787709657e-08,0.0
6,2,0.3333333333333333,56.03836374298402,1.3075032013438077,288.5941708215642,0.35914557525167395,4.189025941811451e-12
6,3,0.3333333333333333,20.40343309651644,0.47605876243021933,97.54917766852354,0.12139661528628426,1.3961611169524937e-11
6,4,0.3333333333333333,6.950852359660065,0.1621792840705764,21.740620710745283,0.02705545891402198,2.7271295304655632e-11
6,5,0.3333333333333333,2.1449032868356928,0.050045499668281125,7.3416689982386885,0.00913645597266788,3.6013728406976985e-11
6,6,0.3333333333333333,0.6092262416545006,0.014214641686529353,1.2278682906757907,0.001528040092884286,5.6061779458916984e-11
6,7,0.3333333333333333,0.15424991210278,0.0035990032615225375,0.4627661029140117,0.0005758965878101143,7.627739626622178e-11
6,8,0.3333333333333333,0.03586183055968253,0.0008367385328716818,0.061731258603048685,7.682244003365417e-05,1.1176281430006125e-10
6,9,0.3333333333333333,0.00837388979484936,0.00019538200231330945,0.022427750548976274,2.7910568496871596e-05,1.2637100667758978e-10
6,10,0.3333333333333333,0.0015524314720241255,3.6221777082000456e-05,0.0032242207636400213,4.012432467362096e-06,1.611040091154754e-10
6,11,0.3333333333333333,0.00036714041012349236,8.566225519731476e-06,0.0007867345041876325,9.79064183009808e-07,2.180447715196351e-10
6,12,0.3333333333333333,5.530215398642624e-05,1.2903257438082035e-06,0.00015006775174674622,1.8675418451585496e-07,2.317556552067437e-10
6,13,0.3333333333333333,1.3330944750553464e-05,3.1104143258409006e-07,2.494601644260118e-05,3.1044464273171896e-08,3.098574558618343e-10
6,14,0.3333333333333333,2.70053399303902e-06,6.300963492493781e-08,1.4416188857526405e-05,1.7940453978796098e-08,3.590087114789045e-10
6,15,0.3333333333333333,2.075161023618024e-06,4.841825314758875e-08,1.333107432295456e-05,1.6590066052999374e-08,3.8363706543659853e-10
6,16,0.3333333333333333,2.045681344311017e-06,4.773042480118515e-08,1.334287873289759e-05,1.6604756237445676e-08,0.0
6,17,0.3333333333333333,2.0465611441622505e-06,4.775095254405975e-08,1.3355445214752679e-05,1.662039479432258e-08,0.0
6,18,0.3333333333333333,2.0475501796585587e-06,4.777402900438605e-08,1.3363962799716185e-05,1.6630994637496005e-08,0.0
6,19,0.3333333333333333,2.0475810318644594e-06,4.7774748856917235e-08,1.3363764229765643e-05,1.6630747523983932e-08,0.0
6,20,0.3333333333333333,2.047560418796406e-06,4.777426790689177e-08,1.336368303674327e-05,1.663064648204451e-08,0.0
5,2,0.4,60.61017859054035,1.4470654435433128,353.2217125914786,0.5236328713014944,3.91711015488828e-12
5,3,0.4,26.54652149870623,0.6337970750188965,141.00138365259767,0.20902723911790047,9.946673180240233e-12
5,4,0.4,10.410100442149758,0.2485407065934794,39.37183653735571,0.05836670589475543,1.72931892754244e-11
5,5,0.4,3.769941601729862,0.0900071958687653,16.112966896789302,0.0238866378271313,2.525437244615489e-11
5,6,0.4,1.330882825541509,0.03177477102083608,3.8439929869625713,0.00569852025873049,4.443359620796596e-11
5,7,0.4,0.4043472523657549,0.009653773503011791,1.5340535145603797,0.002274154781329769,5.880664610306567e-11
5,8,0.4,0.11797608638456239,0.0028166740594000777,0.3206770579079054,0.00047538710845626276,7.066996159729188e-11
5,9,0.4,0.031184890287102314,0.0007445379331417829,0.11138759622339157,0.000165126334986331,9.730150256658505e-11
5,10,0.4,0.008226005292928513,0.0001963955275271053,0.02123441126164777,3.147891350663718e-05,1.3752351215143632e-10
5,11,0.4,0.0018389726094785697,4.3905393065686154e-05,0.006840094425397146,1.014008526731338e-05,1.6858778276118794e-10
5,12,0.4,0.0004865785530798549,1.1617042320364599e-05,0.001087918889929299,1.6127833362714876e-06,1.9812845260282574e-10
5,13,0.4,8.689583824953374e-05,2.074634453201476e-06,0.00036423564327345525,5.399604523695054e-07,2.3748090504324696e-10
5,14,0.4,2.487652357309334e-05,5.939259453647662e-07,4.739458283415839e-05,7.026001123065047e-08,2.911175645714304e-10
5,15,0.4,3.9590190016783534e-06,9.452141077429904e-08,1.993912216539542e-05,2.955871459343906e-08,3.2331859062138547e-10
5,16,0.4,2.067277947802702e-06,4.9356173336392684e-08,1.1022526723083925e-05,1.6340324253173135e-08,0.0
5,17,0.4,1.7645901405535987e-06,4.21295147744521e-08,1.0874462214237438e-05,1.6120826297239713e-08,0.0
5,18,0.4,1.7568315237162044e-06,4.1944278126480254e-08,1.0857583160765418e-05,1.609580397579305e-08,0.0
5,19,0.4,1.756703565374067e-06,4.194122312648807e-08,1.0857354872282613e-05,1.6095465549956032e-08,0.0
5,20,0.4,1.7570229793331596e-06,4.194884912121597e-08,1.0857564990565664e-05,1.60957770394142e-08,0.0
4,2,0.5,86.37030410093102,2.140702330617493,625.707254954249,1.2490638108763548,3.298520144868148e-12
4,3,0.5,33.22321437948561,0.8234428857591901,211.3609187814763,0.42192778267022346,7.1167747953203425e-12
4,4,0.5,15.838853217074156,0.3925686073361126,63.3047831232388,0.12637173858627454,1.2588637054414e-11
4,5,0.5,7.329432202923369,0.1816611943448261,29.377099882352212,0.05864383390317118,1.940352123206962e-11
4,6,0.5,2.5044565710240767,0.062073372026760575,9.633682640948564,0.019231172816042294,2.7328554645962142e-11
4,7,0.5,1.2309381324509046,0.03050900603411435,3.4425583516561478,0.00687218346892631,3.9441434352774956e-11
4,8,0.5,0.36310565680823725,0.008999634004778387,1.2877977165552212,0.0025707573481722644,4.618013304854985e-11
4,9,0.5,0.12102928472217207,0.0029997309211156186,0.38893244040547453,0.0007764037133017164,6.463177040433268e-11
4,10,0.5,0.04565578548368765,0.0011315862252480934,0.11545762331824688,0.0002304814876841421,7.603358233407755e-11
4,11,0.5,0.008888456695626509,0.00022030187530294019,0.03732645930958195,7.451268807032875e-05,9.374083424161561e-11
4,12,0.5,0.00394904166800127,9.787765355691025e-05,0.009224360742686306,1.8414066787511455e-05,8.967938948786399e-11
4,13,0.5,0.0008177773030132671,2.026874626307722e-05,0.002698530675329057,5.386923329408594e-06,1.2534186685863421e-10
4,14,0.5,0.00023240289433247438,5.760144331070105e-06,0.0007191271154214833,1.4355525658058032e-06,1.6999574888335428e-10
4,15,0.5,7.158429537630398e-05,1.7742286488720736e-06,0.0001575369879974751,3.144821304597094e-07,1.493180276422055e-10
4,16,0.5,1.0764248867914922e-05,2.6679369580503534e-07,4.866418867169927e-05,9.714555245155839e-08,0.0
4,17,0.5,4.783892788460614e-06,1.1856957722082933e-07,1.3318625702331356e-05,2.6587215097268066e-08,0.0
4,18,0.5,1.4823397895763708e-06,3.674003785612439e-08,9.972657527392377e-06,1.9907849105314098e-08,0.0
4,19,0.5,1.3255304420544468e-06,3.285349213653866e-08,9.612767880111207e-06,1.9189421868345536e-08,0.0
4,20,0.5,1.3023809734773096e-06,3.2279728713432917e-08,9.630633817602295e-06,1.9225086623374033e-08,0.0
3,2,0.6666666666666666,89.71252491903071,3.968773959433657,818.2366770632395,2.0312744729482635,1.672647516561229e-12
3,3,0.6666666666666666,34.81230069627395,1.5400542186951411,193.0358447018313,0.4792119379372798,2.231952639903635e-12
3,4,0.6666666666666666,20.989807979295666,0.9285638030690427,134.03102963142666,0.33273234591541956,7.234094694042024e-12
3,5,0.6666666666666666,12.780773914013347,0.5654060315114938,64.18716111580504,0.1593447782535361,9.055575813625397e-12
3,6,0.6666666666666666,6.748994856780475,0.29856739696176005,26.595142158335694,0.06602250288333414,1.1760356840300909e-11
3,7,0.6666666666666666,3.5084324542978713,0.1552088225765182,15.522676237807339,0.03853508022503578,1.6705607936156586e-11
3,8,0.6666666666666666,1.6659423641800175,0.07369928199927907,5.187587238236938,0.012878197505204796,2.5161437699196778e-11
3,9,0.6666666666666666,0.7251934749681003,0.032081685156027336,3.2270598011767104,0.008011183537182269,3.7253507651535475e-11
3,10,0.6666666666666666,0.30654884223386786,0.013561351254469363,0.8885156218959069,0.002205742118589261,4.0650642938069065e-11
3,11,0.6666666666666666,0.12009336074148703,0.005312785513972084,0.495984330733804,0.0012312822661749727,6.299674483216551e-11
3,12,0.6666666666666666,0.04705774114359526,0.0020817777429520653,0.13311930094642258,0.0003304689773131339,6.407048989820345e-11
3,13,0.6666666666666666,0.016147937965672612,0.0007143653102457346,0.06622337189349918,0.0001643996762924718,8.20012056540709e-11
3,14,0.6666666666666666,0.006316075831301109,0.00027941558113206834,0.016832687296779163,4.178718575631072e-05,1.0466204840471665e-10
3,15,0.6666666666666666,0.001873211221659346,8.286860640418195e-05,0.00793595393019713,1.9701024274247963e-05,9.455733631786437e-11
3,16,0.6666666666666666,0.0007372068307076411,3.261314153257603e-05,0.0018402227610007297,4.568357327094315e-06,0.0
3,17,0.6666666666666666,0.00019935022740941565,8.819013756036135e-06,0.0008481580607492291,2.1055543782377496e-06,0.0
3,18,0.6666666666666666,7.612121749409939e-05,3.3675109024479287e-06,0.0001839674771536899,4.5669969419630603e-07,0.0
3,19,0.6666666666666666,1.9554908077439086e-05,8.650855610953374e-07,8.135261336320094e-05,2.0195805378145877e-07,0.0
3,20,0.6666666666666666,7.390740264933861e-06,3.2695744023346604e-07,1.814259925243578e-05,4.503904526337286e-08,0.0
2,2,1.0,61.42454976277195,4.495167635245715,282.76827079778553,1.1056592590838952,8.26908057244282e-13
2,3,1.0,53.99739889997213,3.9516343361090285,635.7015106616948,2.485672311443179,2.9483748605504087e-12
2,4,1.0,17.846667010168257,1.3060536910884708,131.7408741696711,0.5151232736068488,1.611281280398383e-12
2,5,1.0,18.736292379214724,1.371158200309553,263.0588974213468,1.0285931473065062,2.5091063189462564e-12
2,6,1.0,9.680908339097417,0.7084676406055797,46.4155104976536,0.18149044375468998,5.827457798504517e-12
2,7,1.0,5.784174799183752,0.42329712556807725,49.99419333742082,0.1954835406674015,6.383516282772075e-12
2,8,1.0,2.947451032050445,0.215700180740679,18.723314912439655,0.07321050001570613,7.184714782265395e-12
2,9,1.0,1.8128059993820553,0.1326646575167951,10.400516970039794,0.04066732046965481,9.702516677300387e-12
2,10,1.0,1.0351171133960508,0.07575187713703017,4.132224818329573,0.016157515191192164,1.1865858357118639e-11
2,11,1.0,0.42459173332930944,0.031072446199867106,2.153265839699584,0.008419538395223471,2.043696109408405e-11
2,12,1.0,0.22885549143224723,0.016748088544525065,0.8947494158144793,0.003498581977971104,1.9187156253529523e-11
2,13,1.0,0.12315797490608969,0.009012939369655623,0.41534838173924765,0.001624064053296562,3.256032248156498e-11
2,14,1.0,0.04511721360447629,0.003301765160193779,0.1998438190965402,0.0007814142949326513,3.5160526394085095e-11
2,15,1.0,0.021759056654895505,0.0015923699502286787,0.08494476785243922,0.00033214465265781493,3.260953578895375e-11
2,16,1.0,0.01120153578164659,0.0008197501048875781,0.034774887413815736,0.0001359741534798341,0.0
2,17,1.0,0.00376806702882046,0.00027575445031028967,0.015610919811707894,6.104064640609679e-05,0.0
2,18,1.0,0.0016840474448370157,0.00012324185687133274,0.006636485780084066,2.5949488356053627e-05,0.0
2,19,1.0,0.0008252870803905572,6.0396108524778976e-05,0.0023299070946573193,9.11022776616738e-06,0.0
2,20,1.0,0.00025598122577164,1.8733202372068554e-05,0.0010557099453530274,4.127957753864331e-06,0.0
1,2,2.0,12.895726052806504,1.7810579236211987,122.66844652977318,0.9419382020701836,2.2508857738247114e-14
1,3,2.0,16.27838788440993,2.2482450081977294,126.63285200689958,0.972379811734616,8.823081314735553e-13
1,4,2.0,32.45784146651817,4.482825975897792,447.84143888010664,3.4388546662557276,1.258171226770814e-12
1,5,2.0,30.787268391585975,4.252099346011863,374.74351060381247,2.8775552197928094,2.9475309048888238e-12
1,6,2.0,18.054444939905192,2.4935402694757673,311.1070290783159,2.3889076931474786,6.7299155259746905e-12
1,7,2.0,11.327970384098316,1.564531638507761,189.82123484294738,1.4575865083553574,7.581184647596968e-12
1,8,2.0,13.922162838778734,1.9228214321872215,344.39075034602354,2.644484489430623,1.1556872285000793e-11
1,9,2.0,8.123855325690998,1.1220040530424666,74.16417615835891,0.5694868788581711,2.5434772052872204e-11
1,10,2.0,7.413820158302687,1.023939488414759,122.08370629247298,0.9374481381345737,3.1417593152772026e-11
1,11,2.0,5.5339496870321145,0.7643063212299375,62.73056140487204,0.481691208262077,1.9400149802406994e-11
1,12,2.0,5.247039703768799,0.7246805338206319,58.97643318450701,0.4528642614288234,4.363237011682561e-11
1,13,2.0,4.4840690706561945,0.6193049321654036,54.79053379266979,0.4207218592159052,4.427422027332942e-11
1,14,2.0,3.876967063063437,0.5354566992980424,45.94643567271428,0.3528103944691723,5.693120123760594e-11
1,15,2.0,3.2767714050970076,0.45256231801491137,38.9603536850792,0.2991661388100715,7.468667484328107e-11
1,16,2.0,2.5837576929796167,0.3568486251146036,28.431271312368864,0.21831613051398963,0.0
1,17,2.0,2.2818404703396156,0.31515015389563317,26.888567710996398,0.2064701220439037,0.0
1,18,2.0,1.605724000861924,0.22177017743498542,12.992638829324678,0.09976699962586517,0.0
1,19,2.0,1.4477674977450503,0.19995444714482632,13.92494804279746,0.10692595279724063,0.0
1,20,2.0,0.9268516075526014,0.12800957409399583,6.676328754472679,0.05126574340281647,0.0
