,K,N,l2phi,relL2phi,l1phi,relL1phi,l2u,relL2u,l1u,relL1u
0,1,2,0.9999999993634572,0.0841566644419146,1.6069774838527653,0.006500377723844485,4.442882936322862,0.09383067566215847,7.144423855563686,0.006453436452865959
1,1,3,0.9094374917784593,0.0765352258752142,1.376392681498117,0.00556764012935771,7.273328578520046,0.07002094573618994,12.205217874894672,0.004148484205367099
2,1,4,1.079226253761501,0.09082408175252461,1.499111751832054,0.006064050514136142,7.000469079622055,0.053769637129324276,11.306098685817206,0.003733182159611287
3,1,5,0.8917784708782421,0.0750491015779959,1.4146820662717356,0.005722524355392668,4.662109987551975,0.09846060236404791,7.683031612287625,0.004955956544577404
4,1,6,1.8338755690464739,0.15433285099070873,2.8454422851836023,0.011510086377033095,12.09424213782788,0.08367165127108682,19.467718913326248,0.005017242082661477
5,1,7,1.284204658379551,0.1080743805787854,1.9983962421576322,0.008083704063352144,8.618846220964693,0.09299549981494805,13.714562827005329,0.005219404316372969
6,1,8,1.446489990798137,0.12173177285167443,2.209603972115592,0.008938059545440698,10.152588143081656,0.10325675926323796,16.438998597121188,0.005879443640375294
7,1,9,1.4088574538075647,0.11856474406204494,2.144919782282786,0.00867640580672993,9.882922518084538,0.10325140803978439,16.010738328336437,0.00588653950949002
8,1,10,1.4148970209539318,0.11907301388807971,2.1707847787703916,0.008781032193026424,9.939579724428754,0.10352080317385831,15.996743230172722,0.005912318860892531
9,1,11,1.414144591008636,0.1190096918936171,2.1674974190936998,0.00876773450850542,9.933921915300136,0.10352901252833348,15.99885398139065,0.005915264870860487
10,1,12,1.4142192161161076,0.11901597209374952,2.1698758332524033,0.008777355421412204,9.934631433523952,0.10355129986081611,15.987072207798255,0.0059161933177420585
11,1,13,1.4142131767366943,0.11901546383972247,2.1696605192675547,0.008776484455736078,9.934584502858133,0.10355026066624788,15.987949109144653,0.00591637347905653
12,1,14,1.4142135849330542,0.11901549819216659,2.1698416453296336,0.008777217127992521,9.934588437351177,0.10354959428334422,15.9879077469948,0.005916430744699769
13,1,15,1.414213561263053,0.11901549620017825,2.1698300431788446,0.008777170196182153,9.93458824924528,0.10354962492358813,15.987908725792716,0.0059164391344515566
14,1,16,1.4142135633258843,0.11901549637377924,2.1698318120745146,0.008777177351534436,9.934588261279362,0.10354965117469676,15.987953859157587,0.00591644742325252
15,1,17,1.4142135618262501,0.11901549624757503,2.169831672205529,0.008777176785751002,9.934588270861305,0.10354965033614377,15.98795175384678,0.005916447576686147
16,1,18,1.4142135624417371,0.11901549629937236,2.1698316203413395,0.008777176575955392,9.934588257808267,0.10354964955418977,15.987953233990691,0.005916447789444099
17,1,19,1.4142135626901184,0.1190154963202753,2.169831620025221,0.008777176574676662,9.934588260483505,0.10354964956109837,15.987953184964146,0.005916447797362647
18,1,20,1.4142135638122326,0.11901549641470868,2.169831620094205,0.008777176574955711,9.934588262203615,0.10354964964532103,15.987953185148331,0.005916447810879176
19,2,2,4.079457726347681,0.19233981739580905,14.052834624487767,0.01697846422531543,17.935516751093658,0.06382217278100859,50.821777380415206,0.0036041344436833936
20,2,3,2.1374475546398126,0.10077718656018787,7.4410650375398975,0.008990204461523125,12.132546452820835,0.08142210923579771,37.08400073636435,0.0042258984205583855
21,2,4,3.045265575654075,0.14357933432183048,9.633756134322454,0.01163938723060074,20.934286282146928,0.10046749167816768,67.41310478888091,0.005795021531233485
22,2,5,2.8011041740384397,0.1320675201170781,8.90642345517551,0.010760632715744322,19.61757308812088,0.10275945760592349,62.93852968682405,0.005857383842101637
23,2,6,2.8307299204792487,0.13346432602680405,8.829901449340595,0.010668179757089736,19.883512570001802,0.10497191585879524,64.45788398383453,0.006030204149165062
24,2,7,2.8282912582754958,0.1333493470579253,8.825104526818802,0.010662384173522138,19.867915406299957,0.10491922257375157,64.37197667250406,0.006032734340850809
25,2,8,2.8284330689796144,0.1333560332026937,8.823979751642987,0.010661025233806815,19.869217276477805,0.10490488581344269,64.41389456102841,0.006034820122669621
26,2,9,2.828426917831845,0.1333557431860498,8.823974344771623,0.010661018701290458,19.869174613795423,0.10490541027492686,64.41172916031032,0.006034792696480031
27,2,10,2.828427128046875,0.13335575309734762,8.82379315597541,0.010660799791186075,19.86917657825374,0.1049059003880976,64.41331571754522,0.006034864585148955
28,2,11,2.8284271208384584,0.1333557527574825,8.823796544446484,0.010660803885095698,19.86917650959769,0.10490589134347865,64.41326525713984,0.0060348644444161775
29,2,12,2.8284271206507703,0.1333557527486333,8.823792451824406,0.01066079894043938,19.86917653659061,0.104905884392282,64.41328966283794,0.00603486552075912
30,2,13,2.828427121165529,0.13335575277290335,8.82379250436126,0.010660799003913767,19.869176541244748,0.10490588443268586,64.41328919275547,0.006034865531125234
31,2,14,2.8284271215249466,0.1333557527898493,8.823792411044685,0.010660798891169816,19.869176536666696,0.10490588454633999,64.4132894048185,0.0060348655626663375
32,2,15,2.828427121029843,0.13335575276650596,8.82379241082081,0.01066079889089933,19.86917653250976,0.10490588456854218,64.41328937272313,0.006034865563247466
33,2,16,2.828427122228981,0.13335575282304338,8.823792414894207,0.01066079889582076,19.869176538339424,0.10490588456311419,64.41328942125661,0.00603486556430272
34,2,17,2.8284271222269965,0.1333557528229498,8.82379241482449,0.01066079889573653,19.869176538339424,0.10490588456311417,64.41328942125658,0.006034865564305066
35,2,18,2.8284271222269965,0.1333557528229498,8.82379241482284,0.010660798895734536,19.86917653833955,0.10490588456311131,64.41328942125655,0.006034865564307214
36,2,19,2.8284271222269965,0.1333557528229498,8.823792414822826,0.010660798895734519,19.86917653833955,0.10490588456311128,64.41328942125655,0.0060348655643072315
37,2,20,2.8284271222269965,0.1333557528229498,8.823792414822815,0.010660798895734507,19.86917653833955,0.10490588456311131,64.41328942125655,0.006034865564307249
38,3,2,3.9489443839039677,0.08492353512564733,19.683699044335917,0.005828617890198487,24.208297233862634,0.0806569348677314,107.75882013330798,0.004627780006454978
39,3,3,4.239238441895018,0.09116641809230934,18.777666730739668,0.005560329082275231,29.192521310484345,0.09024809414770969,142.78315991364605,0.005283609094931805
40,3,4,4.242592927243499,0.0912385575621589,19.975152893681482,0.005914921441001435,29.76090780466481,0.10140690152236533,144.79834197715462,0.005745593578366186
41,3,5,4.242640066348876,0.09123957130636041,19.778641965634908,0.005856731813723966,29.80185219767598,0.1024593928867998,145.59076330634426,0.005800227010945386
42,3,6,4.242640683854904,0.09123958458605994,19.8236355255258,0.005870055034503408,29.8037057845772,0.10202660344054831,145.4723894519172,0.005779333858895879
43,3,7,4.242640690740041,0.0912395847341274,19.823935804738188,0.005870143951367329,29.80376347053792,0.10199749792272811,145.4544598651964,0.005778088719748397
44,3,8,4.242640691132564,0.09123958474256876,19.824697909639877,0.005870369621260685,29.80376476040957,0.10200851743689937,145.4535506679142,0.0057785622959969415
45,3,9,4.242640691706451,0.09123958475491041,19.824735916817815,0.005870380875716303,29.80376480424657,0.10200912309061365,145.45299087488735,0.005778584394656969
46,3,10,4.242640691243694,0.09123958474495865,19.82474053970024,0.005870382244616282,29.80376479781965,0.10200896271013922,145.45301736928218,0.005778577452348847
47,3,11,4.242640690279627,0.09123958472422602,19.824740736911185,0.005870382303013194,29.803764783517117,0.10200895525027205,145.4530153227936,0.005778577109734195
48,3,12,4.242640691908623,0.09123958475925818,19.82474077978191,0.005870382315707813,29.803764790233892,0.10200895671757193,145.4530156726977,0.005778577178128034
49,3,13,4.242640690582877,0.09123958473074752,19.824740771806276,0.005870382313346117,29.803764794175088,0.10200895677401817,145.45301573263694,0.005778577181300194
50,3,14,4.242640690688518,0.09123958473301937,19.824740772552218,0.005870382313567001,29.803764795670087,0.1020089567741182,145.45301573657215,0.005778577181437387
51,3,15,4.242640690713914,0.09123958473356553,19.824740773240332,0.0058703823137707615,29.803764795670883,0.10200895677412085,145.45301573678228,0.005778577181442211
52,3,16,4.242640690713914,0.09123958473356553,19.82474077324023,0.00587038231377073,29.803764795670883,0.10200895677412085,145.45301573678225,0.005778577181442237
53,3,17,4.242640690713914,0.09123958473356553,19.824740773240208,0.005870382313770724,29.803764795670883,0.10200895677412083,145.45301573678225,0.005778577181442242
54,3,18,4.242640690713914,0.09123958473356553,19.824740773240208,0.005870382313770724,29.803764795670883,0.10200895677412088,145.45301573678225,0.005778577181442242
55,3,19,4.242640690713914,0.09123958473356553,19.824740773240208,0.005870382313770724,29.803764795670883,0.10200895677412088,145.45301573678228,0.005778577181442242
56,3,20,4.242640690713914,0.09123958473356553,19.824740773240208,0.005870382313770724,29.803764795670883,0.10200895677412086,145.45301573678225,0.005778577181442242
57,4,2,4.807401684983448,0.07753873686100166,31.695170249245013,0.005717104166940037,31.598955799888113,0.08934215698413793,210.9263853759526,0.004922129999872338
58,4,3,5.7395798634408095,0.09257386877285105,35.75201500638009,0.006448868782282284,40.09338669125875,0.1069767123413419,259.8332853933059,0.006391341163256136
59,4,4,5.653129062897715,0.09117950102204035,35.29074521538851,0.006365665965467494,39.705310179607096,0.10720444677887707,258.7169263447531,0.0064140473196623755
60,4,5,5.656958023049136,0.0912412584438426,35.297861582578996,0.006366949599920259,39.73894899013007,0.10751614482068983,258.72346054500673,0.0064400959231159715
61,4,6,5.656852283284426,0.09123955296376647,35.29595242700341,0.0063666052306926854,39.73833523741096,0.10751283235053369,258.72511199572745,0.006441569477564917
62,4,7,5.656854275153463,0.09123958509068643,35.29525488404219,0.006366479409448034,39.73835326943351,0.1075113982528236,258.72494714924983,0.006442481455324465
63,4,8,5.656854244112019,0.09123958459001796,35.295261901310624,0.0063664806752072745,39.73835308528522,0.10751141083900666,258.72495552948203,0.006442482478869246
64,4,9,5.656854246200029,0.09123958462369557,35.29525133531507,0.006366478769336546,39.73835309471329,0.10751141971705061,258.7249321267364,0.006442485946623213
65,4,10,5.656854246369227,0.09123958462642456,35.29525140110459,0.006366478781203513,39.738353071456444,0.10751141965639271,258.72493200609324,0.006442486027223945
66,4,11,5.656854247856891,0.09123958465041913,35.295251462026116,0.006366478792192402,39.7383531113074,0.10751141962781,258.7249326806907,0.0064424860802388935
67,4,12,5.656854248135567,0.09123958465491391,35.295251426669324,0.006366478785814823,39.738353107299275,0.10751141966954832,258.724932464314,0.006442486091197716
68,4,13,5.656854246637411,0.0912395846307501,35.29525141720828,0.00636647878410826,39.73835310727793,0.10751141967036236,258.72493246201225,0.006442486091584132
69,4,14,5.656854246637411,0.0912395846307501,35.295251417208036,0.006366478784108217,39.73835310727793,0.1075114196703624,258.7249324620112,0.006442486091585161
70,4,15,5.656854246637411,0.0912395846307501,35.29525141720782,0.006366478784108178,39.73835310727793,0.10751141967036237,258.72493246201026,0.006442486091586108
71,4,16,5.656854246636975,0.09123958463074307,35.2952514171492,0.006366478784097605,39.738353107276616,0.10751141967042428,258.7249324619041,0.0064424860916219625
72,4,17,5.656854246637411,0.0912395846307501,35.29525141720782,0.006366478784108178,39.73835310727793,0.10751141967036237,258.72493246201026,0.00644248609158611
73,4,18,5.656854246637411,0.0912395846307501,35.29525141720782,0.006366478784108178,39.73835310727793,0.10751141967036237,258.7249324620103,0.006442486091586095
74,4,19,5.656854246637411,0.0912395846307501,35.295251417207815,0.006366478784108177,39.73835310727793,0.10751141967036237,258.72493246201026,0.006442486091586116
75,4,20,5.656854246637411,0.0912395846307501,35.29525141720782,0.006366478784108178,39.73835310727793,0.10751141967036237,258.72493246201026,0.006442486091586109
76,5,2,7.0641661759522005,0.09115053131112885,55.333503557764075,0.005758068906840038,47.989708752710705,0.09023927254033394,382.2568000884104,0.005269046974607161
77,5,3,7.071018744969181,0.09123895155651751,54.68330836537305,0.0056904088369011206,49.60581177064335,0.09987139519445139,404.68316727375327,0.005763348126593068
78,5,4,7.071067570536825,0.091239581563842,55.15382313815003,0.005739371152842452,49.67135344625264,0.10218582772108557,403.9582037053307,0.005868228689825096
79,5,5,7.071067808884911,0.09123958463930118,55.111715825752654,0.005734989416811354,49.67291697186609,0.10204474055827392,404.1561800437115,0.0058617811730894455
80,5,6,7.071067809926363,0.09123958465273926,55.11942559358728,0.0057357917042428945,49.67294106462913,0.10200698748923528,404.1179641255053,0.0058598429404664665
81,5,7,7.071067810987256,0.09123958466642822,55.11935704558977,0.005735784571058338,49.672941320543295,0.10200863437419712,404.11723297457036,0.005859924916811324
82,5,8,7.071067810772353,0.09123958466365527,55.119396195953584,0.005735788645090851,49.67294133358891,0.10200896886905408,404.11711160297,0.0058599402693331705
83,5,9,7.0710678103328695,0.09123958465798451,55.11939530307925,0.005735788552177307,49.672941328554806,0.10200895847889192,404.11709806084787,0.005859939726295541
84,5,10,7.071067810261458,0.09123958465706307,55.11939549835224,0.005735788572497642,49.672941326215046,0.10200895673102332,404.11709883376665,0.0058599396455013995
85,5,11,7.071067812696092,0.0912395846884777,55.119395548409265,0.005735788577706634,49.67294134971485,0.10200895671211874,404.11709899496674,0.0058599396452522455
86,5,12,7.071067809762393,0.09123958465062353,55.119395492166355,0.005735788571853931,49.67294133175058,0.10200895676449358,404.11709885230204,0.005859939647323558
87,5,13,7.071067809765266,0.0912395846506606,55.11939549244144,0.005735788571882556,49.672941331756775,0.10200895676393353,404.11709885240566,0.005859939647290867
88,5,14,7.071067809765266,0.0912395846506606,55.1193954924414,0.005735788571882552,49.672941331756775,0.1020089567639335,404.11709885240566,0.005859939647290871
89,5,15,7.071067809765266,0.0912395846506606,55.11939549244139,0.005735788571882551,49.672941331756775,0.1020089567639335,404.11709885240566,0.005859939647290871
90,5,16,7.071067809765239,0.09123958465066025,55.119395492437036,0.0057357885718820984,49.67294133177362,0.10200895676382472,404.11709885276076,0.005859939647279025
91,5,17,7.071067809765266,0.0912395846506606,55.11939549244139,0.005735788571882551,49.672941331756775,0.10200895676393353,404.11709885240566,0.005859939647290871
92,5,18,7.071067809765266,0.0912395846506606,55.11939549244139,0.005735788571882551,49.672941331756775,0.10200895676393353,404.11709885240566,0.005859939647290871
93,5,19,7.071067809765266,0.0912395846506606,55.11939549244139,0.005735788571882551,49.672941331756775,0.1020089567639335,404.11709885240566,0.005859939647290871
94,5,20,7.071067809765341,0.09123958465066156,55.119395492454174,0.005735788571883882,49.672941331756775,0.1020089567639335,404.11709885240566,0.005859939647290871
95,6,2,8.483143222778958,0.09121659375372232,78.79494353074496,0.005905967527643831,58.56542901529423,0.09329100230457171,569.2266878851153,0.005321120839611637
96,6,3,8.48527032074598,0.09123946577486318,79.77170440835069,0.005979179307066726,59.57881297122533,0.10092873434765327,579.4838062035615,0.005688629704158141
97,6,4,8.48528134957447,0.09123958436441677,79.41882041924525,0.005952729368945139,59.6070640997561,0.10212134974739141,581.877589280182,0.005747237893594283
98,6,5,8.485281384545194,0.09123958474044606,79.4170723724627,0.005952598346482631,59.60752468049714,0.10202196943687461,581.8729784481682,0.005742686921579128
99,6,6,8.48528138428694,0.09123958473766915,79.41509385876745,0.005952450049687005,59.607529541529814,0.10200807328241136,581.8926908314045,0.005742158451818376
100,6,7,8.485281383928983,0.09123958473382014,79.4151230451235,0.005952452237310516,59.607529599989995,0.10200887548452611,581.8926276095262,0.005742194349647562
101,6,8,8.485281384484413,0.0912395847397925,79.41512110762453,0.005952452092087924,59.60752957689867,0.10200896063847008,581.8927173100456,0.005742198472277553
102,6,9,8.48528138466099,0.09123958474169118,79.41512100135847,0.005952452084122897,59.60752958995024,0.10200895708930117,581.8927155376803,0.005742198306023373
103,6,10,8.485281386270948,0.09123958475900257,79.41512104323228,0.00595245208726149,59.60752957114141,0.10200895676987941,581.8927156889443,0.005742198292813786
104,6,11,8.48528139185747,0.09123958481907268,79.41512116772522,0.005952452096592689,59.60752961045307,0.1020089566957705,581.8927160243147,0.005742198289576076
105,6,12,8.485281385683678,0.09123958475268783,79.41512103622004,0.005952452086735898,59.60752957469115,0.10200895678169251,581.8927156763781,0.005742198293399677
106,6,13,8.485281385683681,0.09123958475268786,79.41512103622387,0.005952452086736185,59.607529574686154,0.10200895678169776,581.8927156763781,0.005742198293399702
107,6,14,8.485281385683681,0.09123958475268786,79.41512103622387,0.005952452086736185,59.607529574686154,0.10200895678169775,581.8927156763781,0.005742198293399702
108,6,15,8.485281385683681,0.09123958475268786,79.41512103622387,0.005952452086736185,59.607529574686154,0.10200895678169775,581.8927156763781,0.005742198293399702
109,6,16,8.485281385683681,0.09123958475268786,79.41512103622222,0.005952452086736061,59.60752957468534,0.10200895678169951,581.8927156763781,0.005742198293399702
110,6,17,8.485281385683681,0.09123958475268786,79.41512103622388,0.0059524520867361855,59.607529574686176,0.10200895678169752,581.8927156763781,0.005742198293399702
111,6,18,8.485281385683681,0.09123958475268786,79.41512103622387,0.005952452086736185,59.607529574686154,0.10200895678169773,581.8927156763781,0.005742198293399702
112,6,19,8.485281385683681,0.09123958475268786,79.41512103622385,0.005952452086736184,59.607529574686154,0.10200895678169776,581.8927156763781,0.005742198293399702
113,6,20,8.485281385683681,0.09123958475268786,79.41512103622387,0.005952452086736185,59.60752957468867,0.10200895678169504,581.8927156763781,0.005742198293399702
114,7,2,9.89873370241104,0.09123256858776713,108.23599481047913,0.005709405000968204,68.85493355981825,0.0953725290417481,780.1089939445475,0.0055384950591508535
115,7,3,9.899491944287528,0.09123955699215121,107.87965039200913,0.005690607976850282,69.52831359343719,0.10141038422181148,792.7302338952547,0.0058320398619474125
116,7,4,9.89949493148049,0.09123958452388355,108.07501707396682,0.005700913490399125,69.54195483123077,0.10207896870957087,792.2077497512923,0.005862344592518836
117,7,5,9.899494939894435,0.09123958460143143,108.06383727712381,0.005700323760632082,69.54211659583316,0.10201437437002413,792.268019268194,0.0058593440750644
118,7,6,9.899494939824342,0.0912395846007854,108.06535994535086,0.00570040408076593,69.54211784525639,0.10200854874167355,792.2573179814059,0.00585905198496262
119,7,7,9.899494938910873,0.09123958459236635,108.06533263087897,0.005700402639938572,69.54211784817733,0.10200893190684347,792.2572848487044,0.005859070618049127
120,7,8,9.899494939083905,0.0912395845939611,108.06533699437568,0.005700402870111261,69.54211785122038,0.10200895810396585,792.2572677455875,0.005859071810285379
121,7,9,9.89949493913045,0.0912395845943901,108.06533694245871,0.005700402867372662,69.54211785437315,0.1020089568346652,792.2572669045311,0.005859071748357288
122,7,10,9.899494937613209,0.0912395845804063,108.06533693780716,0.005700402867127294,69.54211785020169,0.10200895676462785,792.2572669268827,0.0058590717450575916
123,7,11,9.899494947210508,0.09123958466886067,108.06533708300039,0.005700402874786178,69.54211790306182,0.10200895665835251,792.257267533655,0.005859071741016769
124,7,12,9.899494937578865,0.09123958458008977,108.06533693912853,0.005700402867196996,69.54211784844911,0.10200895676830946,792.2572669077772,0.0058590717452045755
125,7,13,9.899494937578865,0.09123958458008977,108.0653369391285,0.005700402867196994,69.54211784844911,0.10200895676830947,792.2572669077772,0.005859071745204577
126,7,14,9.899494937578865,0.09123958458008977,108.0653369391285,0.005700402867196994,69.54211784844911,0.10200895676830947,792.2572669077772,0.005859071745204577
127,7,15,9.899494937578865,0.09123958458008977,108.0653369391285,0.005700402867196994,69.54211784844911,0.10200895676830946,792.2572669077772,0.005859071745204577
128,7,16,9.89949493756963,0.09123958458000465,108.06533693902085,0.0057004028671913155,69.54211784844905,0.10200895676831014,792.2572669077772,0.005859071745204577
129,7,17,9.899494937578877,0.09123958458008989,108.06533693913521,0.005700402867197348,69.54211784844911,0.10200895676830948,792.2572669077772,0.005859071745204577
130,7,18,9.899494937578865,0.09123958458008977,108.06533693912885,0.005700402867197013,69.54211784844911,0.10200895676830947,792.2572669077773,0.005859071745204578
131,7,19,9.899494937578865,0.09123958458008977,108.0653369391285,0.005700402867196994,69.54211784844911,0.10200895676830946,792.2572669077772,0.005859071745204577
132,7,20,9.899494937578865,0.09123958458008977,108.0653369391285,0.005700402867196994,69.54211784845002,0.10200895676830822,792.2572669077773,0.005859071745204578
133,8,2,11.313402675312206,0.09123711832338156,140.7299278897751,0.005803345359676924,79.00113049289503,0.09681807288279803,1023.9227889087775,0.0058647463758219635
134,8,3,11.313707555771805,0.09123957703676472,141.14211240925349,0.005820342804032322,79.46944572023766,0.10165236252638933,1035.0307372248697,0.006115926279029922
135,8,4,11.313708497905715,0.09123958463461883,141.1831578594584,0.005822035414314685,79.47664085098943,0.10205368329790071,1034.9189111086023,0.006132360570986642
136,8,5,11.313708498652915,0.09123958464064463,141.18581509596714,0.005822144992010018,79.47670571923173,0.10201146511602947,1034.9171475114642,0.006130482271454644
137,8,6,11.313708499147802,0.09123958464463566,141.18602894886698,0.005822153810761314,79.47670613216697,0.10200875608138948,1034.9170923575448,0.006130446286454249
138,8,7,11.313708500235366,0.09123958465340634,141.1860479965277,0.005822154596238541,79.47670610631359,0.10200894794608052,1034.917171708924,0.006130457254573444
139,8,8,11.313708498629667,0.09123958464045716,141.18604751531444,0.005822154576394526,79.47670613664276,0.10200895726918571,1034.9171676935366,0.006130457676223963
140,8,9,11.31370850390482,0.09123958468299871,141.1860476034145,0.005822154580027549,79.47670615151137,0.10200895679282307,1034.9171679735555,0.006130457661085997
141,8,10,11.313708502729053,0.09123958467351673,141.18604758627075,0.005822154579320584,79.47670616887567,0.10200895678798112,1034.9171681781252,0.006130457661726602
142,8,11,11.313708515558513,0.09123958477698012,141.1860478312154,0.005822154589421481,79.47670623847884,0.10200895666456851,1034.9171693692745,0.006130457655211401
143,8,12,11.313708502730849,0.0912395846735312,141.18604758645836,0.005822154579328321,79.47670616887281,0.10200895678813056,1034.9171681777439,0.006130457661761514
144,8,13,11.313708502730849,0.0912395846735312,141.18604758645833,0.00582215457932832,79.47670616887343,0.10200895678809369,1034.9171681777825,0.006130457661753043
145,8,14,11.313708502730849,0.0912395846735312,141.18604758645833,0.00582215457932832,79.47670616887281,0.10200895678813057,1034.9171681777439,0.006130457661761528
146,8,15,11.313708502730849,0.0912395846735312,141.18604758645833,0.00582215457932832,79.47670616887281,0.10200895678813053,1034.9171681777439,0.006130457661761525
147,8,16,11.313708502730623,0.09123958467352938,141.18604758637738,0.005822154579324982,79.47670616887261,0.1020089567881309,1034.9171681776463,0.006130457661762108
148,8,17,11.313708502757223,0.09123958467374389,141.18604758690728,0.005822154579346833,79.47670616887298,0.10200895678813023,1034.9171681778353,0.0061304576617609045
149,8,18,11.31370850272992,0.09123958467352371,141.1860475863211,0.005822154579322661,79.47670616887343,0.10200895678809369,1034.9171681777825,0.006130457661753033
150,8,19,11.313708502730849,0.0912395846735312,141.18604758645833,0.00582215457932832,79.47670616887281,0.10200895678813057,1034.9171681777439,0.006130457661761527
151,8,20,11.313708502730849,0.0912395846735312,141.18604758645833,0.00582215457932832,79.47670616887281,0.10200895678813057,1034.9171681777439,0.006130457661761525
152,9,2,12.727786309482232,0.09123861164371508,178.59128398680267,0.005683833977271599,89.06930737459422,0.09785029440440617,1302.2486869478137,0.005683205604556063
153,9,3,12.727921714377151,0.09123958228812425,178.5739581304067,0.005683282565752121,89.40719482693855,0.10178394424765241,1309.9899354266443,0.005872201679500688
154,9,4,12.727922050404567,0.09123958469692292,178.65931215802874,0.005685999037191629,89.41126537651282,0.10203849613141,1309.6912918015996,0.0058839010671152105
155,9,5,12.727922050524885,0.09123958469778541,178.65767204690852,0.005685946839127403,89.41129423727878,0.10201022056960259,1309.7136680242272,0.005882578988744117
156,9,6,12.727922051741379,0.0912395847065058,178.65796356511643,0.00568595611696593,89.41129438859586,0.10200885164470018,1309.710539858155,0.00588251127477803
157,9,7,12.727922050124363,0.09123958469491429,178.65795648819912,0.005685955891736445,89.41129437678794,0.10200895326503637,1309.7105426748078,0.005882516192413239
158,9,8,12.727922051030438,0.09123958470140946,178.65795713119218,0.005685955912200297,89.41129438579866,0.10200895698068113,1309.7105403624907,0.00588251636312794
159,9,9,12.727922052075817,0.09123958470890321,178.65795714515727,0.005685955912644749,89.41129438348015,0.10200895677562526,1309.7105402692785,0.005882516353221448
160,9,10,12.727922051908436,0.09123958470770334,178.6579571453198,0.005685955912649922,89.41129438193369,0.10200895677228505,1309.7105402590032,0.005882516353082701
161,9,11,12.727922067762886,0.09123958482135532,178.657957427351,0.005685955921625827,89.41129447107888,0.10200895663072186,1309.7105415835495,0.005882516347690931
162,9,12,12.727922051909042,0.09123958470770768,178.65795714539968,0.005685955912652464,89.4112943821809,0.10200895677278823,1309.7105402611128,0.005882516353102555
163,9,13,12.727922051909042,0.09123958470770768,178.65795714539968,0.005685955912652464,89.4112943821809,0.10200895677278823,1309.7105402611126,0.005882516353102555
164,9,14,12.727922051909042,0.09123958470770768,178.6579571454006,0.005685955912652493,89.4112943821809,0.10200895677278822,1309.7105402611128,0.005882516353102555
165,9,15,12.72792205190904,0.09123958470770767,178.6579571454002,0.005685955912652481,89.4112943821975,0.10200895677274749,1309.7105402615812,0.005882516353099375
166,9,16,12.727922051905265,0.09123958470768062,178.65795714525134,0.005685955912647743,89.41129438217895,0.10200895677281796,1309.710540261024,0.005882516353107442
167,9,17,12.727922051908363,0.09123958470770283,178.65795714536878,0.005685955912651481,89.411294382213,0.10200895677267578,1309.7105402618733,0.0058825163530954044
168,9,18,12.727922051908358,0.09123958470770278,178.6579571453641,0.005685955912651332,89.41129438221279,0.10200895677267707,1309.7105402618795,0.005882516353095378
169,9,19,12.7279220519087,0.09123958470770524,178.65795714538206,0.005685955912651903,89.4112943821809,0.10200895677278822,1309.7105402611128,0.005882516353102555
170,9,20,12.727922051909042,0.09123958470770768,178.65795714539968,0.005685955912652464,89.41129438218168,0.10200895677278735,1309.710540261187,0.00588251635310236
171,10,2,14.142070236324193,0.09123916284194712,219.6709392928716,0.005739681609846466,99.09215831360065,0.09860832435217307,1614.075127670112,0.005689353702199871
172,10,3,14.142135484932249,0.0912395838007089,220.69885274623016,0.005766539490837679,99.34343145860107,0.10186022353789917,1615.7530292727522,0.005843283516922517
173,10,4,14.142135621691192,0.09123958468302466,220.60385699068684,0.005764057390142609,99.34586864288917,0.10202910937542643,1616.8209984044079,0.005852430827039439
174,10,5,14.142135619322733,0.09123958466774429,220.6033579341528,0.0057640443505224395,99.3458825939846,0.10200963859155861,1616.816140565122,0.005851477723581785
175,10,6,14.1421356185391,0.0912395846626886,220.60347265465074,0.005764047348001917,99.3458826616576,0.10200889852850871,1616.8196837323499,0.005851447910486506
176,10,7,14.142135619041024,0.09123958466592681,220.6034727077187,0.0057640473493885055,99.34588263734626,0.1020089552289497,1616.8196940515518,0.005851450649290183
177,10,8,14.142135619610292,0.0912395846695995,220.6034725873894,0.005764047346244476,99.3458826571856,0.10200895686510203,1616.8196998047708,0.0058514507350066695
178,10,9,14.142135620807766,0.09123958467732514,220.60347261637227,0.005764047347001756,99.34588266245325,0.10200895677725792,1616.8196999352226,0.005851450730984378
179,10,10,14.142135620874054,0.09123958467775281,220.60347261520894,0.00576404734697136,99.34588266060649,0.10200895677662346,1616.8196999120287,0.005851450730930015
180,10,11,14.142135639979205,0.09123958480101185,220.60347301218678,0.005764047357343813,99.34588276595082,0.10200895662470978,1616.8197016799256,0.0058514507247372175
181,10,12,14.142135620874054,0.09123958467775281,220.60347261520724,0.005764047346971316,99.34588266060662,0.10200895677662271,1616.8196999121194,0.005851450730928663
182,10,13,14.142135620874054,0.09123958467775281,220.60347261520724,0.005764047346971316,99.34588266060662,0.10200895677662274,1616.8196999121196,0.005851450730928664
183,10,14,14.142135620874054,0.09123958467775281,220.60347261520724,0.005764047346971316,99.34588266060663,0.10200895677662271,1616.8196999121196,0.005851450730928664
184,10,15,14.142135620874054,0.09123958467775281,220.60347261520724,0.005764047346971316,99.34588266060663,0.10200895677662268,1616.8196999121196,0.005851450730928664
185,10,16,14.142135620867238,0.09123958467770883,220.6034726152039,0.005764047346971229,99.3458826606064,0.10200895677662364,1616.819699912029,0.005851450730930032
186,10,17,14.14213562087938,0.09123958467778717,220.6034726153811,0.005764047346975858,99.3458826606069,0.10200895677662138,1616.8196999121253,0.005851450730926992
187,10,18,14.142135620874098,0.0912395846777531,220.60347261524544,0.005764047346972313,99.34588266060666,0.10200895677662263,1616.8196999121199,0.005851450730928664
188,10,19,14.142135620874054,0.09123958467775281,220.60347261520724,0.005764047346971316,99.34588266060663,0.10200895677662268,1616.8196999121196,0.005851450730928664
189,10,20,14.142135620879332,0.09123958467778685,220.6034726153354,0.005764047346974664,99.34588266060662,0.10200895677662271,1616.8196999121196,0.005851450730928664
190,11,2,15.55631547435394,0.09123938716655648,266.82665109777275,0.0056771483340148764,109.0872794599891,0.09917937041158319,1951.3929344490057,0.005743652219543617
191,11,3,15.556349110146671,0.09123958444393368,266.8425223522933,0.005677486019421448,109.27893471165045,0.10190682071985771,1956.677024347177,0.0058727909558537765
192,11,4,15.556349165948744,0.09123958477121856,266.89854664597897,0.00567867802263497,109.28046367625147,0.10202311622332248,1956.5312475372978,0.005878072020302688
193,11,5,15.556349167033886,0.09123958477758302,266.89882096558114,0.005678683859207389,109.28047088540909,0.10200934594054595,1956.5363582420568,0.0058774305724303
194,11,6,15.556349167867346,0.09123958478247135,266.8989339973501,0.00567868626413252,109.28047091909849,0.10200892288805294,1956.535123989795,0.005877409756522297
195,11,7,15.556349166601466,0.09123958477504684,266.89893398752486,0.005678686263923473,109.28047091516689,0.10200895604202091,1956.5351173125696,0.005877411321300028
196,11,8,15.556349166980173,0.091239584777268,266.89893417635847,0.005678686267941199,109.28047090795381,0.1020089568189576,1956.5351163981932,0.005877411357010605
197,11,9,15.556349167225482,0.09123958477870676,266.89893417758043,0.005678686267967198,109.28047091525974,0.10200895677470385,1956.5351165113225,0.0058774113550651855
198,11,10,15.556349167090627,0.09123958477791581,266.8989341763855,0.005678686267941774,109.28047091554197,0.10200895677433797,1956.5351165163756,0.005877411355049015
199,11,11,15.556349189057864,0.09123958490675592,266.89893463950773,0.005678686277795413,109.28047103940587,0.10200895661420945,1956.5351187607823,0.005877411348932453
200,11,12,15.556349167061851,0.09123958477774705,266.8989341758347,0.005678686267930055,109.28047091554195,0.10200895677433801,1956.5351165163756,0.005877411355049017
201,11,13,15.55634916706173,0.09123958477774634,266.89893417580464,0.005678686267929415,109.28047091554195,0.102008956774338,1956.5351165163756,0.005877411355049017
202,11,14,15.556349167061851,0.09123958477774705,266.89893417583494,0.00567868626793006,109.28047091554195,0.10200895677433801,1956.5351165163756,0.005877411355049017
203,11,15,15.55634916707624,0.09123958477783144,266.8989341761098,0.0056786862679359075,109.28047091554487,0.10200895677433917,1956.535116516375,0.005877411355049015
204,11,16,15.556349167053698,0.09123958477769922,266.89893417573046,0.005678686267927837,109.28047091551102,0.10200895677441082,1956.5351165158854,0.005877411355051499
205,11,17,15.556349167063505,0.09123958477775675,266.89893417592134,0.0056786862679318985,109.28047091557023,0.10200895677428112,1956.535116516844,0.005877411355046893
206,11,18,15.556349167061851,0.09123958477774705,266.8989341758358,0.005678686267930078,109.28047091554195,0.10200895677433801,1956.5351165163756,0.005877411355049017
207,11,19,15.556349167061851,0.09123958477774705,266.89893417583494,0.00567868626793006,109.28047091554195,0.10200895677433801,1956.5351165163756,0.005877411355049017
208,11,20,15.556349167090564,0.09123958477791545,266.8989341764081,0.005678686267942255,109.28047091554375,0.10200895677433787,1956.5351165168934,0.005877411355049866
209,12,2,16.97054437766097,0.09123948588554932,317.92394561547434,0.0057376549603220155,119.06469992348393,0.09961932680990447,2324.0113678682283,0.005821319826943776
210,12,3,16.97056272115095,0.09123958450646318,317.6461614054868,0.005732641717462159,119.21405785887264,0.10193655027171857,2328.563031172162,0.005939595210712095
211,12,4,16.9705627474112,0.09123958464764731,317.6684369209075,0.005733043729400265,119.21505520179494,0.10201916835926862,2328.573206150711,0.00594312536743329
212,12,5,16.970562751861333,0.09123958467157275,317.6669047279632,0.005733016077521354,119.21505912975049,0.10200918958236845,2328.567173553653,0.0059426325139263
213,12,6,16.970562748008078,0.09123958465085633,317.6669536214855,0.0057330169599152875,119.21505919481478,0.10200893621148635,2328.567530371939,0.00594262808565935
214,12,7,16.97056274745659,0.09123958464789134,317.6669523493824,0.005733016936957317,119.21505917762501,0.10200895640037314,2328.5675223900266,0.00594262914882902
215,12,8,16.970562750852057,0.09123958466614654,317.6669524324142,0.005733016938455813,119.21505918071621,0.10200895678467412,2328.5675225397026,0.005942629169428947
216,12,9,16.970562749769805,0.09123958466032797,317.6669524052476,0.00573301693796553,119.2150591618942,0.10200895676763853,2328.567522277089,0.005942629168507158
217,12,10,16.970562749769506,0.09123958466032638,317.6669524068811,0.00573301693799501,119.21505916186591,0.10200895676764139,2328.5675222771224,0.005942629168524486
218,12,11,16.970562774594256,0.09123958479379277,317.666953014311,0.005733016948957453,119.21505930559435,0.10200895660638783,2328.567525425388,0.005942629160971482
219,12,12,16.970562749769506,0.09123958466032638,317.66695240688085,0.005733016937995006,119.21505916186591,0.10200895676764117,2328.5675222771233,0.005942629168524224
220,12,13,16.970562749769506,0.09123958466032638,317.66695240688085,0.005733016937995006,119.21505916186591,0.10200895676764118,2328.5675222771233,0.005942629168524223
221,12,14,16.970562749769506,0.09123958466032638,317.66695240688085,0.005733016937995006,119.21505916186591,0.10200895676764117,2328.5675222771233,0.005942629168524223
222,12,15,16.970562749769506,0.09123958466032638,317.66695240688085,0.005733016937995006,119.21505916186591,0.10200895676764114,2328.5675222771233,0.005942629168524221
223,12,16,16.97056274976927,0.09123958466032511,317.66695240673016,0.005733016937992287,119.21505916186568,0.10200895676764177,2328.567522276954,0.005942629168525246
224,12,17,16.970562749769517,0.09123958466032643,317.6669524068926,0.0057330169379952185,119.215059161866,0.10200895676764099,2328.567522277178,0.005942629168523876
225,12,18,16.97056274976951,0.09123958466032639,317.6669524068847,0.005733016937995075,119.21505916186591,0.10200895676764117,2328.5675222771233,0.005942629168524219
226,12,19,16.970562749769506,0.09123958466032638,317.66695240688085,0.005733016937995006,119.21505916186591,0.10200895676764118,2328.567522277123,0.005942629168524223
227,12,20,16.970562749769506,0.09123958466032638,317.66695240688085,0.005733016937995006,119.21505916186591,0.10200895676764117,2328.5675222771233,0.005942629168524222
228,13,2,18.384765790031658,0.0912395325917038,372.8320405793694,0.005675185693080397,129.03041108123068,0.09996499881118166,2728.807055282121,0.005787153036474855
229,13,3,18.38477628721582,0.09123958468691064,372.74155086483813,0.005673808274089045,129.14897264465512,0.1019562245432219,2732.8404814585188,0.005880444549479472
230,13,4,18.384776299518602,0.09123958474796663,372.788396436891,0.005674521349392029,129.14964516157877,0.10201649248036498,2732.719109457962,0.005883134598358089
231,13,5,18.38477629979945,0.09123958474936042,372.7886336748232,0.005674524960587346,129.14964743672184,0.102009101754665,2732.7205001705797,0.005882795785653612
232,13,6,18.384776298258977,0.09123958474171538,372.78873042793776,0.005674526433346744,129.1496474453184,0.10200894383326999,2732.7197462932104,0.00588278812190275
233,13,7,18.38477630044751,0.09123958475257658,372.78873106681357,0.005674526443071602,129.14964745164502,0.10200895657812586,2732.7197440435434,0.005882788706163395
234,13,8,18.384776299736444,0.09123958474904773,372.7887311333529,0.005674526444084452,129.14964744573695,0.10200895677844934,2732.7197435254498,0.005882788715005352
235,13,9,18.38477629977458,0.09123958474923698,372.78873113783663,0.005674526444152703,129.14964744895406,0.10200895676840209,2732.719743563139,0.0058827887145236814
236,13,10,18.38477629981007,0.09123958474941311,372.7887311384653,0.005674526444162273,129.14964744880191,0.10200895676865838,2732.719743561464,0.005882788714543633
237,13,11,18.38477632751095,0.09123958488688647,372.78873181312576,0.005674526454431839,129.14964760432628,0.10200895659802756,2732.7197468442987,0.00588278870810984
238,13,12,18.38477629981007,0.09123958474941311,372.7887311384651,0.0056745264441622695,129.14964744881524,0.10200895676857391,2732.719743561794,0.005882788714539253
239,13,13,18.384776299810156,0.09123958474941354,372.78873113848294,0.005674526444162541,129.14964744881524,0.10200895676857394,2732.719743561791,0.005882788714539271
240,13,14,18.38477629981007,0.09123958474941311,372.7887311384651,0.0056745264441622695,129.14964744880857,0.10200895676861617,2732.7197435616276,0.005882788714541453
241,13,15,18.384776299818792,0.0912395847494564,372.78873113861187,0.005674526444164504,129.14964744881172,0.10200895676860643,2732.7197435616686,0.005882788714540907
242,13,16,18.384776299812636,0.09123958474942585,372.78873113840444,0.005674526444161347,129.1496474487994,0.10200895676862864,2732.719743561313,0.005882788714542676
243,13,17,18.384776299824253,0.0912395847494835,372.78873113865166,0.005674526444165109,129.14964744881328,0.102008956768601,2732.7197435618787,0.005882788714539714
244,13,18,18.384776299817513,0.09123958474945006,372.7887311385692,0.005674526444163854,129.14964744880857,0.10200895676861617,2732.719743561631,0.005882788714541434
245,13,19,18.38477629981007,0.09123958474941311,372.7887311384651,0.0056745264441622695,129.14964744881556,0.1020089567685738,2732.719743561791,0.005882788714539271
246,13,20,18.38477629980987,0.09123958474941213,372.78873113844804,0.00567452644416201,129.14964744881618,0.10200895676857355,2732.7197435618873,0.005882788714539227
247,14,2,19.798983615700273,0.09123955571191732,431.6148758354375,0.005704407848950978,138.9881367403388,0.10024128191298694,3168.4202933568986,0.005766904665822672
248,14,3,19.79898987290965,0.09123958454698354,432.4048304718557,0.005714848229207977,139.08376779036297,0.10196965651180409,3168.676554724883,0.005847107238789553
249,14,4,19.79898987818127,0.0912395845712767,432.38048261848047,0.005714526437505061,139.08423435695374,0.10201463160019414,3169.1832866870127,0.005849470679772119
250,14,5,19.798989877791023,0.09123958456947834,432.38052841115575,0.0057145270427207545,139.08423570858454,0.10200905019837761,3169.179801576603,0.0058492023444051125
251,14,6,19.798989877736837,0.09123958456922864,432.3805204250092,0.005714526937172407,139.08423571116873,0.10200894835947394,3169.1805841406117,0.005849198190697638
252,14,7,19.798989879297118,0.09123958457641887,432.38051999254276,0.005714526931456744,139.08423570057542,0.10200895666813634,3169.180580974027,0.005849198581739109
253,14,8,19.798989878141295,0.09123958457109249,432.3805199414441,0.005714526930781403,139.08423570880558,0.10200895678039996,3169.180581846466,0.005849198587329217
254,14,9,19.798989878159542,0.09123958457117658,432.3805199429537,0.005714526930801354,139.08423570911629,0.10200895677490672,3169.1805818437147,0.005849198587070716
255,14,10,19.798989878180997,0.09123958457127546,432.3805199453011,0.005714526930832378,139.084235709323,0.10200895677464714,3169.18058185858,0.005849198587056889
256,14,11,19.79898990864465,0.09123958471166095,432.38052071798063,0.005714526941044443,139.08423588134423,0.10200895660187484,3169.1805859164047,0.00584919858042733
257,14,12,19.798989878180997,0.09123958457127546,432.380519945301,0.005714526930832377,139.084235709323,0.1020089567746471,3169.18058185858,0.005849198587056889
258,14,13,19.798989878180997,0.09123958457127546,432.380519945301,0.005714526930832377,139.084235709323,0.10200895677464712,3169.18058185858,0.005849198587056889
259,14,14,19.798989878180997,0.09123958457127546,432.380519945301,0.005714526930832377,139.084235709323,0.10200895677464711,3169.18058185858,0.005849198587056889
260,14,15,19.798989878180997,0.09123958457127546,432.380519945301,0.005714526930832377,139.08423570932155,0.1020089567746503,3169.1805818584335,0.005849198587057482
261,14,16,19.79898987817286,0.09123958457123796,432.3805199450861,0.005714526930829537,139.08423570924174,0.10200895677477562,3169.1805818565595,0.005849198587062659
262,14,17,19.798989878181,0.09123958457127547,432.38051994530355,0.0057145269308324104,139.08423570932302,0.10200895677464705,3169.18058185858,0.005849198587056889
263,14,18,19.798989878181,0.09123958457127547,432.380519945301,0.005714526930832377,139.08423570932302,0.1020089567746471,3169.18058185858,0.005849198587056889
264,14,19,19.798989878180997,0.09123958457127546,432.380519945301,0.005714526930832377,139.084235709323,0.1020089567746471,3169.18058185858,0.005849198587056889
265,14,20,19.798989878181025,0.09123958457127558,432.3805199453247,0.00571452693083269,139.08423570953198,0.10200895677454021,3169.1805818618677,0.005849198587055185
266,15,2,21.213199567778503,0.09123956802159625,496.36754156322866,0.005672386186986831,148.9402710423256,0.10046544303147326,3635.1295908350703,0.0058078574255927655
267,15,3,21.21320343077834,0.0912395846366493,496.28353614585944,0.005671426190352852,149.01849138732393,0.10197907619581367,3638.4004103778393,0.0058786284733717805
268,15,4,21.21320343528015,0.09123958465601192,496.3252811090208,0.005671903243207007,149.01882312745016,0.10201330748407438,3638.2753383217228,0.005880167128338724
269,15,5,21.21320343595759,0.09123958465892563,496.32513848666974,0.005671901613348109,149.01882396613826,0.10200901878513838,3638.276240369308,0.005879968567808346
270,15,6,21.213203435807475,0.09123958465827998,496.3252148904253,0.0056719024864745156,149.0188239563307,0.10200895115011224,3638.2757051430935,0.005879965221276045
271,15,7,21.2132034348104,0.09123958465399148,496.3252148831716,0.005671902486391622,149.01882396140854,0.10200895670598145,3638.2757023674862,0.005879965479018554
272,15,8,21.213203435362626,0.09123958465636665,496.32521493143526,0.005671902486943169,149.01882396201515,0.10200895677461057,3638.27570220657,0.0058799654820152454
273,15,9,21.213203435228454,0.09123958465578957,496.3252149254236,0.005671902486874469,149.01882396098264,0.10200895677083656,3638.27570217381,0.005879965481832628
274,15,10,21.213203435262088,0.09123958465593424,496.32521492594805,0.0056719024868804625,149.01882396090787,0.10200895677041646,3638.275702172611,0.005879965481815782
275,15,11,21.21320346849479,0.0912395847988706,496.32521584419663,0.005671902497374018,149.01882414844277,0.10200895659363607,3638.2757067721286,0.005879965475124688
276,15,12,21.213203435262088,0.09123958465593424,496.32521492594805,0.0056719024868804625,149.01882396090787,0.10200895677041648,3638.275702172611,0.005879965481815782
277,15,13,21.21320343525576,0.09123958465590702,496.3252149257995,0.005671902486878765,149.01882396090787,0.10200895677041646,3638.275702172611,0.005879965481815782
278,15,14,21.213203435262088,0.09123958465593424,496.32521492594805,0.0056719024868804625,149.01882396092543,0.10200895677040046,3638.2757021732427,0.005879965481814902
279,15,15,21.213203435259228,0.09123958465592194,496.3252149258971,0.0056719024868798805,149.01882396092543,0.10200895677040046,3638.2757021732427,0.005879965481814902
280,15,16,21.21320343525073,0.09123958465588539,496.32521492566036,0.005671902486877174,149.018823960858,0.10200895677051545,3638.2757021714433,0.0058799654818196155
281,15,17,21.213203435265857,0.09123958465595045,496.32521492597175,0.005671902486880733,149.01882396094123,0.10200895677032565,3638.275702173801,0.0058799654818121935
282,15,18,21.213203435262063,0.09123958465593413,496.3252149259461,0.00567190248688044,149.0188239609174,0.10200895677037843,3638.2757021734533,0.005879965481813513
283,15,19,21.213203435257768,0.09123958465591565,496.3252149258381,0.005671902486879206,149.0188239609199,0.10200895677040368,3638.275702173085,0.005879965481815122
284,15,20,21.21320343527252,0.0912395846559791,496.3252149262827,0.005671902486884287,149.01882396092728,0.10200895677040031,3638.2757021732677,0.005879965481814943
285,16,2,22.627414528428677,0.09123957471282751,564.8158740909558,0.005703344901671226,158.8883990953751,0.10064973467523232,4136.965570323675,0.005840952324915136
286,16,3,22.62741699339975,0.091239584652227,564.7604073822897,0.0057027848151287005,158.95317067684988,0.10198583813550872,4139.693534735404,0.005905933604604517
287,16,4,22.627416998591162,0.09123958467316011,564.7436181659659,0.005702615282550535,158.95341169637055,0.10201234580524295,4139.658983919734,0.005906904048947108
288,16,5,22.627416994488843,0.09123958465661851,564.7433333914519,0.005702612406981084,158.95341219838136,0.10200899899986648,4139.657381958978,0.005906744066877615
289,16,6,22.627416997110256,0.09123958466718872,564.7433132226271,0.005702612203322212,158.95341223607474,0.1020089529122441,4139.65733978109,0.0059067431866281096
290,16,7,22.62741699500729,0.09123958465870902,564.7433131590127,0.005702612202679852,158.9534122340844,0.10200895673164215,4139.657338140858,0.005906743375273634
291,16,8,22.627416995459637,0.091239584660533,564.7433131341446,0.0057026122024287414,158.95341224139304,0.10200895677533903,4139.657338337365,0.005906743377522627
292,16,9,22.627416995184493,0.09123958465942354,564.743313130374,0.005702612202390667,158.95341224480416,0.10200895676494173,4139.657338428843,0.005906743377161263
293,16,10,22.627416995184493,0.09123958465942354,564.743313130357,0.005702612202390496,158.9534122448041,0.10200895676494195,4139.657338428715,0.005906743377162451
294,16,11,22.627417030987885,0.09123958480379206,564.7433142260645,0.005702612213454628,158.95341245188084,0.10200895658461664,4139.65734427624,0.0059067433696205355
295,16,12,22.627416995184493,0.09123958465942354,564.743313130357,0.005702612202390496,158.9534122448041,0.10200895676494195,4139.657338428715,0.005906743377162453
296,16,13,22.627416995184493,0.09123958465942354,564.743313130357,0.005702612202390496,158.9534122448041,0.10200895676494195,4139.657338428715,0.005906743377162453
297,16,14,22.627416995184493,0.09123958465942354,564.743313130357,0.005702612202390496,158.9534122448041,0.10200895676494189,4139.657338428742,0.00590674337716229
298,16,15,22.627416995184493,0.09123958465942354,564.743313130357,0.005702612202390496,158.9534122448041,0.10200895676494184,4139.657338428742,0.005906743377162288
299,16,16,22.627416995184458,0.0912395846594234,564.7433131303184,0.005702612202390106,158.95341224472475,0.10200895676573604,4139.657338427099,0.00590674337718779
300,16,17,22.627416995184504,0.09123958465942358,564.7433131303716,0.005702612202390643,158.95341224480418,0.1020089567649418,4139.657338428814,0.0059067433771621235
301,16,18,22.6274169951845,0.09123958465942357,564.7433131303649,0.005702612202390575,158.9534122448041,0.10200895676494186,4139.657338428742,0.005906743377162287
302,16,19,22.627416995184493,0.09123958465942354,564.743313130357,0.005702612202390496,158.9534122448041,0.10200895676494186,4139.657338428742,0.00590674337716229
303,16,20,22.627416995184493,0.09123958465942354,564.7433131303619,0.005702612202390545,158.95341224480484,0.10200895676494107,4139.657338429121,0.005906743377161683
304,17,2,24.04162895015155,0.09123957847589781,637.5026187733803,0.005670087168954067,168.8335978266936,0.10080303212455183,4670.766108789796,0.005825232228446711
305,17,3,24.041630559977634,0.0912395845852947,637.4757861554804,0.005669848513805079,168.8878216758795,0.10199079268232883,4673.298969612602,0.005881010901649253
306,17,4,24.041630560095474,0.09123958458574191,637.5110584888645,0.0056701622336221445,168.8880001497826,0.10201163442027311,4673.189678702349,0.005881948585463538
307,17,5,24.041630561053626,0.09123958458937816,637.5108131945303,0.0056701600519209,168.88800049900306,0.10200898621652803,4673.191308572334,0.005881825374682031
308,17,6,24.04163056179839,0.09123958459220459,637.5108599026306,0.005670160467352919,168.8880005062822,0.10200895406949659,4673.190937631534,0.0058818237659646
309,17,7,24.041630560743393,0.0912395845882008,637.5108597614624,0.005670160466097338,168.8880005015105,0.10200895674196053,4673.190936868687,0.005881823890765821
310,17,8,24.041630560212692,0.09123958458618676,637.5108597755585,0.005670160466222712,168.88800050457127,0.1020089567686687,4673.190936838622,0.005881823891929582
311,17,9,24.041630560090788,0.09123958458572412,637.5108597725153,0.005670160466195646,168.88800050677375,0.10200895676676157,4673.19093689009,0.005881823891850811
312,17,10,24.04163056010416,0.09123958458577487,637.5108597724558,0.005670160466195116,168.88800050673464,0.10200895676664935,4673.190936890298,0.0058818238918455
313,17,11,24.04163059894777,0.09123958473318895,637.5108609686217,0.005670160476834076,168.88800072381872,0.10200895658632374,4673.190942934164,0.00588182388500153
314,17,12,24.04163056010595,0.09123958458578167,637.5108597725587,0.005670160466196031,168.88800050673467,0.10200895676664928,4673.190936890321,0.005881823891845382
315,17,13,24.04163056010595,0.09123958458578167,637.5108597725587,0.005670160466196031,168.88800050673464,0.10200895676664941,4673.190936890298,0.0058818238918455
316,17,14,24.041630560108192,0.09123958458579018,637.5108597726069,0.0056701604661964595,168.88800050674826,0.10200895676662834,4673.1909368907345,0.005881823891844422
317,17,15,24.041630560114967,0.0912395845858159,637.5108597726005,0.005670160466196403,168.88800050674823,0.10200895676662843,4673.1909368906645,0.00588182389184451
318,17,16,24.041630560094866,0.09123958458573961,637.5108597722367,0.005670160466193167,168.8880005065931,0.10200895676676787,4673.190936886611,0.005881823891849745
319,17,17,24.041630560114587,0.09123958458581445,637.510859772794,0.005670160466198124,168.88800050679365,0.10200895676658933,4673.190936891882,0.0058818238918433505
320,17,18,24.041630560105194,0.0912395845857788,637.5108597726262,0.005670160466196631,168.8880005067546,0.10200895676662335,4673.190936891346,0.005881823891843857
321,17,19,24.04163056010595,0.09123958458578167,637.5108597725591,0.0056701604661960345,168.88800050674826,0.10200895676662834,4673.1909368907345,0.005881823891844422
322,17,20,24.041630560105993,0.09123958458578182,637.5108597725892,0.0056701604661963025,168.8880005068062,0.10200895676665471,4673.190936892037,0.005881823891846061
323,18,2,25.455843080764968,0.0912395806964076,714.5365343459458,0.005692741398922808,178.77661581568802,0.10093188462848542,5238.858803570518,0.005830624541988698
324,18,3,25.455844161205324,0.09123958456895366,714.7453858952173,0.0056944053276424995,178.82245411556494,0.10199448931186166,5238.802079450103,0.005880184352671271
325,18,4,25.45584415980887,0.09123958456394846,714.7516488532198,0.0056944552248816005,178.822588528834,0.10201109945832175,5239.025262858288,0.00588103847380247
326,18,5,25.455844159281437,0.09123958456205801,714.7518950183563,0.005694457186089175,178.82258874764287,0.10200897771492866,5239.024283698585,0.0058809367641017764
327,18,6,25.455844158779087,0.09123958456025748,714.7518930222661,0.005694457170186244,178.82258874398906,0.10200895484362912,5239.024489402037,0.005880935813071359
328,18,7,25.45584415998086,0.09123958456456491,714.75189315639,0.005694457171254814,178.822588759523,0.10200895674756166,5239.024489738046,0.005880935903632644
329,18,8,25.455844159508512,0.0912395845628719,714.7518931302081,0.005694457171046222,178.8225887603594,0.10200895677293075,5239.024489951756,0.005880935904836333
330,18,9,25.45584415934901,0.0912395845623002,714.7518931239565,0.005694457170996416,178.8225887606866,0.10200895677155575,5239.024489957957,0.005880935904777826
331,18,10,25.455844159353685,0.09123958456231697,714.7518931241619,0.0056944571709980525,178.82258876071057,0.10200895677124164,5239.024489958448,0.005880935904767816
332,18,11,25.45584420061575,0.09123958471020967,714.7518944887217,0.005694457181869555,178.82258899552298,0.10200895658693228,5239.024497032773,0.0058809358976575086
333,18,12,25.455844159353685,0.09123958456231697,714.7518931241619,0.0056944571709980525,178.82258876071057,0.10200895677124162,5239.024489958448,0.005880935904767816
334,18,13,25.455844159386192,0.09123958456243347,714.7518931253098,0.005694457171007197,178.82258876071057,0.10200895677124165,5239.024489958448,0.005880935904767816
335,18,14,25.455844159353685,0.09123958456231697,714.7518931241619,0.0056944571709980525,178.82258876071057,0.10200895677124162,5239.024489958448,0.005880935904767816
336,18,15,25.455844159386192,0.09123958456243347,714.7518931253147,0.005694457171007236,178.82258876071057,0.10200895677124164,5239.024489958448,0.005880935904767816
337,18,16,25.45584415935247,0.09123958456231261,714.7518931241194,0.005694457170997713,178.82258876064344,0.10200895677139732,5239.024489955427,0.005880935904775515
338,18,17,25.455844159392978,0.0912395845624578,714.751893125674,0.0056944571710100984,178.82258876079948,0.10200895677113311,5239.024489960321,0.005880935904764638
339,18,18,25.45584415935369,0.09123958456231698,714.7518931241658,0.005694457170998083,178.8225887607106,0.1020089567712416,5239.024489958448,0.005880935904767816
340,18,19,25.455844159353685,0.09123958456231697,714.7518931241619,0.0056944571709980525,178.82258876071057,0.10200895677124165,5239.024489958448,0.005880935904767816
341,18,20,25.455844159363593,0.09123958456235248,714.7518931245929,0.0056944571710014855,178.82258876111078,0.10200895677131327,5239.024489967043,0.005880935904772184
342,19,2,26.870056941173885,0.09123958217148455,796.3327511881918,0.005668854771537491,188.71798393949496,0.10104120641438114,5835.628461789916,0.005837663126074123
343,19,3,26.87005767956583,0.0912395846787577,796.3197651467108,0.005668762327790699,188.7570741117545,0.10199729225780098,5837.577710107691,0.005882662922746193
344,19,4,26.87005767964419,0.09123958467902378,796.3459047812651,0.005668948408033975,188.75717686087782,0.10201069114890308,5837.49049544301,0.0058832695409131806
345,19,5,26.870057681020366,0.09123958468369671,796.3456892523243,0.005668946873747883,188.75717703670048,0.10200897194614301,5837.491988776817,0.005883189347415324
346,19,6,26.870057680342317,0.09123958468139433,796.3457134893983,0.0056689470462843675,188.7571770193987,0.10200895536928982,5837.4917599754335,0.005883188516326274
347,19,7,26.8700576801618,0.09123958468078137,796.3457133662947,0.0056689470454080295,188.75717703052482,0.10200895675889317,5837.491760452823,0.0058831885817815805
348,19,8,26.870057680428776,0.09123958468168791,796.345713388182,0.005668947045563839,188.75717702685753,0.10200895676854858,5837.491760280112,0.005883188582204329
349,19,9,26.870057680483924,0.09123958468187518,796.3457133873171,0.0056689470455576815,188.75717702666228,0.10200895676775047,5837.491760277291,0.005883188582156184
350,19,10,26.870057680481562,0.09123958468186716,796.3457133873497,0.005668947045557914,188.7571770266558,0.10200895676772856,5837.49176027358,0.00588318858215363
351,19,11,26.87005772424009,0.09123958483045298,796.3457148741699,0.005668947056142142,188.757177272735,0.10200895658239877,5837.491767999665,0.005883188575048854
352,19,12,26.870057680498324,0.09123958468192407,796.3457133877515,0.005668947045560774,188.75717702665582,0.10200895676772852,5837.49176027358,0.00588318858215363
353,19,13,26.870057680490664,0.09123958468189806,796.3457133874773,0.005668947045558822,188.75717702670525,0.10200895676771882,5837.491760274663,0.005883188582153535
354,19,14,26.870057680505408,0.09123958468194812,796.3457133879085,0.005668947045561892,188.7571770267416,0.10200895676772048,5837.491760277058,0.005883188582154764
355,19,15,26.870057680471557,0.09123958468183319,796.3457133870048,0.005668947045555458,188.75717702655842,0.10200895676769707,5837.491760270735,0.0058831885821519474
356,19,16,26.87005768048214,0.09123958468186912,796.3457133871275,0.005668947045556332,188.7571770265925,0.10200895676783826,5837.491760270976,0.0058831885821583815
357,19,17,26.870057680515576,0.09123958468198265,796.3457133882798,0.0056689470455645345,188.75717702674316,0.10200895676769219,5837.491760275389,0.005883188582153081
358,19,18,26.87005768050566,0.09123958468194898,796.345713387975,0.005668947045562365,188.75717702671275,0.10200895676771453,5837.491760274663,0.005883188582153535
359,19,19,26.870057680505408,0.09123958468194812,796.3457133879085,0.005668947045561892,188.7571770266625,0.10200895676772423,5837.4917602735795,0.00588318858215363
360,19,20,26.870057680486962,0.09123958468188549,796.3457133875183,0.005668947045559114,188.75717702666992,0.10200895676772269,5837.49176027365,0.005883188582153463
361,20,2,28.284270726952563,0.09123958299807487,882.2476786854397,0.0056876039767751055,198.65808584137426,0.10113474087939739,6467.087746379004,0.005887002281646043
362,20,3,28.28427124196071,0.09123958465939147,882.4248182040631,0.005688745945697107,198.6916854957015,0.10199944852822157,6468.342009202503,0.005929079812522719
363,20,4,28.284271241686195,0.09123958465850594,882.4094050730598,0.005688646581553334,198.69176520755516,0.10201037528682418,6468.26693027895,0.005929444858288595
364,20,5,28.284271242016423,0.0912395846595712,882.4094616484741,0.005688646946279202,198.69176529710285,0.10200896794599347,6468.266638616806,0.0059293771010581605
365,20,6,28.28427124589277,0.09123958467207555,882.4094617124103,0.005688646946691381,198.69176522364202,0.10200895573109636,6468.266615895879,0.005929376861511238
366,20,7,28.284271244566167,0.09123958466779618,882.409461690864,0.005688646946552477,198.69176522391734,0.10200895675651488,6468.2666159262935,0.005929376912314383
367,20,8,28.28427124560484,0.09123958467114675,882.4094617269143,0.005688646946784884,198.69176522161032,0.10200895676106128,6468.266615800391,0.005929376912585319
368,20,9,28.28427124582865,0.0912395846718687,882.4094617341863,0.005688646946831764,198.69176522193146,0.10200895676045175,6468.266615810141,0.005929376912560606
369,20,10,28.28427124582865,0.0912395846718687,882.4094617341856,0.00568864694683176,198.69176522193146,0.10200895676045175,6468.26661581014,0.0059293769125606495
370,20,11,28.28427129240902,0.09123958482212796,882.4094634421515,0.005688646957842538,198.69176548445557,0.10200895657189511,6468.266624870711,0.005929376904699702
371,20,12,28.28427124582865,0.0912395846718687,882.4094617341856,0.00568864694683176,198.69176522193146,0.10200895676045178,6468.26661581014,0.0059293769125606495
372,20,13,28.28427124582865,0.0912395846718687,882.4094617341856,0.00568864694683176,198.69176522193146,0.10200895676045175,6468.26661581014,0.0059293769125606495
373,20,14,28.28427124582865,0.0912395846718687,882.4094617341856,0.00568864694683176,198.69176522193146,0.10200895676045175,6468.26661581014,0.0059293769125606495
374,20,15,28.284271245789533,0.09123958467174252,882.4094617324457,0.005688646946820543,198.69176522193146,0.10200895676045174,6468.26661581014,0.0059293769125606495
375,20,16,28.284271245828624,0.09123958467186861,882.4094617341328,0.00568864694683142,198.69176522165685,0.10200895676061329,6468.266615799028,0.005929376912568419
376,20,17,28.284271245829114,0.0912395846718702,882.4094617342829,0.005688646946832387,198.69176522193158,0.10200895676045163,6468.26661581031,0.005929376912560328
377,20,18,28.2842712458291,0.09123958467187016,882.4094617342541,0.005688646946832202,198.6917652219315,0.1020089567604517,6468.266615810199,0.005929376912560529
378,20,19,28.28427124582865,0.0912395846718687,882.4094617341856,0.00568864694683176,198.69176522193146,0.10200895676045175,6468.26661581014,0.0059293769125606495
379,20,20,28.284271245828652,0.09123958467186871,882.4094617341943,0.005688646946831816,198.69176522193658,0.10200895676045216,6468.266615811514,0.005929376912561038
