K,N,h,l2phi,relL2phi,l2u,relL2u,l2divu_f
20,2,0.1,0.4167781255261073,0.001344445566595002,2.439838042179007,0.0009238700324126954,3.3445554439950907e-12
20,3,0.1,0.02204868913492729,7.112480368125152e-05,0.09812553042620054,3.7156251934822316e-05,5.120898298761741e-12
20,4,0.1,0.0008722215748242824,2.8136179841030577e-06,0.005060798935328162,1.916324114792505e-06,7.001185584741038e-12
20,5,0.1,2.7540065358543983e-05,8.883892053665783e-08,0.00012219232631333152,4.626939432867393e-08,1.2768877511044405e-11
20,6,0.1,8.092539613226454e-07,2.6104966501691334e-09,4.790056797458179e-06,1.8138047904089758e-09,8.927697579119663e-12
20,7,0.1,4.029887674635074e-07,1.2999637663804363e-09,2.4513891876790204e-06,9.282439937097208e-10,1.050544503429426e-11
20,8,0.1,4.0096204646818107e-07,1.2934259567162368e-09,2.429361053788791e-06,9.199028118692319e-10,1.2823678418796527e-11
20,9,0.1,4.008503994168875e-07,1.293065804937768e-09,2.4293627822946055e-06,9.199034663859234e-10,2.3285381944624343e-11
20,10,0.1,4.0085039941629643e-07,1.2930658049358614e-09,2.429362782294602e-06,9.19903466385922e-10,1.63189887386964e-11
20,11,0.1,4.0085039941629643e-07,1.2930658049358614e-09,3.316864057979367e-06,1.2559650484083548e-09,1.8944097606637638e-11
20,12,0.1,4.0085039941629643e-07,1.2930658049358614e-09,2.429362782294602e-06,9.19903466385922e-10,2.2888620249170278e-11
20,13,0.1,4.0085039941629643e-07,1.2930658049358614e-09,2.429362782294602e-06,9.19903466385922e-10,2.0384012200786003e-11
20,14,0.1,4.0085039941629643e-07,1.2930658049358614e-09,2.429362782294602e-06,9.19903466385922e-10,2.6935978655059347e-11
20,15,0.1,4.0085039941629643e-07,1.2930658049358614e-09,2.429362782294602e-06,9.19903466385922e-10,2.6399272351184854e-11
20,16,0.1,4.0085039941629643e-07,1.2930658049358614e-09,2.4288975364067796e-06,9.197272961951013e-10,0.0
20,17,0.1,4.0085039941629643e-07,1.2930658049358614e-09,2.429364395753659e-06,9.199040773389629e-10,0.0
20,18,0.1,4.0085039941629643e-07,1.2930658049358614e-09,2.429362780938259e-06,9.199034658723286e-10,0.0
20,19,0.1,4.0085039941629653e-07,1.2930658049358619e-09,2.429362782294602e-06,9.19903466385922e-10,0.0
20,20,0.1,4.0085039941629643e-07,1.2930658049358614e-09,2.4293548067726657e-06,9.199004463716496e-10,0.0
19,2,0.10526315789473684,0.43877457079078663,0.001489896675580462,2.5653981250961113,0.0010220019551249685,4.588548452371403e-12
19,3,0.10526315789473684,0.02442470014106832,8.293616349881562e-05,0.10975801237408146,4.372533921328069e-05,6.437013539671532e-12
19,4,0.10526315789473684,0.001017033930679576,3.4534259119463263e-06,0.005904269508063582,2.3521397797075456e-06,6.115815037663392e-12
19,5,0.10526315789473684,3.388567066679474e-05,1.1506170010099401e-07,0.00015260311696071202,6.079394943276844e-08,7.406961822252533e-12
19,6,0.10526315789473684,1.0329049989102076e-06,3.507317484906245e-09,6.039531421044741e-06,2.40602534942414e-09,7.740365297077516e-12
19,7,0.10526315789473684,4.53449651576829e-07,1.5397271706285088e-09,2.724857478320323e-06,1.085527288352536e-09,8.317608747008428e-12
19,8,0.10526315789473684,4.517645938671431e-07,1.5340054126986964e-09,2.721640539378368e-06,1.0842457259096414e-09,1.6293583131511736e-11
19,9,0.10526315789473684,4.5181365586172615e-07,1.5341720069078706e-09,2.7219785741107817e-06,1.0843803920084613e-09,1.3629675768229312e-11
19,10,0.10526315789473684,4.518136226508157e-07,1.5341718941373765e-09,2.721925078638763e-06,1.0843590805104687e-09,1.539842832592683e-11
19,11,0.10526315789473684,4.518136226508157e-07,1.5341718941373765e-09,3.45521369866944e-06,1.3764862150908628e-09,1.4114565153888153e-11
19,12,0.10526315789473684,4.518136226508157e-07,1.5341718941373765e-09,2.721925038210868e-06,1.0843590644048252e-09,1.9160575119135894e-11
19,13,0.10526315789473684,4.518136226508156e-07,1.5341718941373763e-09,2.721924887143863e-06,1.0843590042228311e-09,2.454734311852691e-11
19,14,0.10526315789473684,4.518136226508157e-07,1.5341718941373765e-09,2.7219551626365403e-06,1.0843710653576726e-09,2.4967093363570557e-11
19,15,0.10526315789473684,4.518136226508156e-07,1.5341718941373763e-09,2.721866282528088e-06,1.0843356573468373e-09,2.5386166810667476e-11
19,16,0.10526315789473684,4.518136226508158e-07,1.534171894137377e-09,2.721921375795354e-06,1.08435760537366e-09,0.0
19,17,0.10526315789473684,4.518136226508157e-07,1.5341718941373765e-09,2.7219215746813955e-06,1.0843576846057766e-09,0.0
19,18,0.10526315789473684,4.518136226508157e-07,1.5341718941373765e-09,2.7219276711982276e-06,1.084360113332944e-09,0.0
19,19,0.10526315789473684,4.5181362265081605e-07,1.5341718941373777e-09,2.721926903599126e-06,1.0843598075372177e-09,0.0
19,20,0.10526315789473684,4.518136226508156e-07,1.5341718941373763e-09,2.7219305230355297e-06,1.0843612494463876e-09,0.0
18,2,0.1111111111111111,0.4632228678283996,0.0016602970172303444,2.7082165377258987,0.00113889754697411,2.376070052048443e-12
18,3,0.1111111111111111,0.027206062391290527,9.75127684231158e-05,0.12253373531616853,5.1529620556243545e-05,3.5326615946436858e-12
18,4,0.1111111111111111,0.0011957133810032508,4.285711042826878e-06,0.006936130673885158,2.9168798358394806e-06,3.3751887395243323e-12
18,5,0.1111111111111111,4.194757174942801e-05,1.5034971952514066e-07,0.00018957341689498512,7.972209624511596e-08,4.156400075001897e-12
18,6,0.1111111111111111,1.3161595213071123e-06,4.717417638878371e-09,7.597560258749693e-06,3.195033565869825e-09,5.659056622769519e-12
18,7,0.1111111111111111,4.176430981185179e-07,1.4969286670231678e-09,2.5263841761535995e-06,1.0624308288699904e-09,8.773723370299418e-12
18,8,0.1111111111111111,4.21013109414899e-07,1.509007560558033e-09,2.5230780612253895e-06,1.0610404946299836e-09,7.738993689936175e-12
18,9,0.1111111111111111,4.2108400229133774e-07,1.509261656889343e-09,2.5225850825252884e-06,1.060833180250046e-09,9.659499845476538e-12
18,10,0.1111111111111111,4.2108400228968476e-07,1.5092616568834183e-09,2.522585574194942e-06,1.060833387013927e-09,1.5492804972146186e-11
18,11,0.1111111111111111,4.210840022896847e-07,1.5092616568834181e-09,3.2420316885390935e-06,1.3633850491105784e-09,1.9329909159699297e-11
18,12,0.1111111111111111,4.2108400228968455e-07,1.5092616568834175e-09,2.522585574194942e-06,1.060833387013927e-09,1.8497282879607338e-11
18,13,0.1111111111111111,4.2108400228968455e-07,1.5092616568834175e-09,2.522585574194942e-06,1.060833387013927e-09,2.3886669693903428e-11
18,14,0.1111111111111111,4.2108400228968465e-07,1.509261656883418e-09,2.522585574194942e-06,1.060833387013927e-09,2.029641469592941e-11
18,15,0.1111111111111111,4.2108400228968455e-07,1.5092616568834175e-09,2.522585574194942e-06,1.060833387013927e-09,2.3559792531201696e-11
18,16,0.1111111111111111,4.210840022896849e-07,1.509261656883419e-09,2.5225664810040705e-06,1.0608253576750819e-09,0.0
18,17,0.1111111111111111,4.210840022896846e-07,1.5092616568834177e-09,2.522557617646677e-06,1.0608216303305905e-09,0.0
18,18,0.1111111111111111,4.2108400228968455e-07,1.5092616568834175e-09,2.522585529452036e-06,1.0608333681980072e-09,0.0
18,19,0.1111111111111111,4.210840022896856e-07,1.5092616568834212e-09,2.522585574194942e-06,1.060833387013927e-09,0.0
18,20,0.1111111111111111,4.2108400228968455e-07,1.5092616568834175e-09,2.5227115503990412e-06,1.0608863643101761e-09,0.0
17,2,0.11764705882352941,0.49055661213354806,0.0018616949293180892,2.8690296008011753,0.0012774308513163748,1.056116031655536e-12
17,3,0.11764705882352941,0.030490396077879282,0.00011571307850526893,0.13739131782894384,6.117326501221731e-05,1.9814353257226366e-12
17,4,0.11764705882352941,0.001418748734340389,5.384245690238302e-06,0.008225025653649055,3.662179546668283e-06,2.035490869454792e-12
17,5,0.11764705882352941,5.268841049382743e-05,1.999560177643366e-07,0.00023836909992241634,1.0613346134748097e-07,3.8447804279533255e-12
17,6,0.11764705882352941,1.6996380141163135e-06,6.450239165658603e-09,9.798648588911826e-06,4.362832647383015e-09,4.0721086635070146e-12
17,7,0.11764705882352941,4.1443132636447926e-07,1.572794413039687e-09,2.457813886160532e-06,1.094337710596816e-09,5.08190248674823e-12
17,8,0.11764705882352941,4.141053735453236e-07,1.5715574004388788e-09,2.450375067893138e-06,1.0910255886342364e-09,6.7852935768291545e-12
17,9,0.11764705882352941,4.141662184982725e-07,1.5717883110770757e-09,2.451279551273766e-06,1.091428308416073e-09,6.895242802919949e-12
17,10,0.11764705882352941,4.141531372879489e-07,1.5717386670149503e-09,2.451313183981656e-06,1.0914432833255893e-09,8.694806844803876e-12
17,11,0.11764705882352941,4.1415317067731846e-07,1.5717387937298258e-09,3.100957938778836e-06,1.3806965736862175e-09,8.808982857741095e-12
17,12,0.11764705882352941,4.141531706773184e-07,1.5717387937298256e-09,2.4513131095649415e-06,1.091443250191666e-09,1.379368222708176e-11
17,13,0.11764705882352941,4.141522190806851e-07,1.5717351823573905e-09,2.451313183981656e-06,1.0914432833255893e-09,1.3975464557047869e-11
17,14,0.11764705882352941,4.141522190806851e-07,1.5717351823573905e-09,2.451320781023735e-06,1.0914466658964517e-09,1.7402354981314127e-11
17,15,0.11764705882352941,4.141522190806851e-07,1.5717351823573905e-09,2.4513208312293177e-06,1.0914466882504073e-09,2.18236125645145e-11
17,16,0.11764705882352941,4.141529327783653e-07,1.5717378908874956e-09,2.4513297953181468e-06,1.0914506794966533e-09,0.0
17,17,0.11764705882352941,4.141522190806851e-07,1.5717351823573905e-09,2.451372614410153e-06,1.0914697446290378e-09,0.0
17,18,0.11764705882352941,4.141522190806851e-07,1.5717351823573905e-09,2.4513601793433063e-06,1.0914642079353684e-09,0.0
17,19,0.11764705882352941,4.1415317067731894e-07,1.5717387937298277e-09,2.451320781023735e-06,1.0914466658964517e-09,0.0
17,20,0.11764705882352941,4.141522190806851e-07,1.5717351823573905e-09,2.4512887881013497e-06,1.0914324210988144e-09,0.0
16,2,0.125,0.5213176550249787,0.002102087318735579,3.0629095543527725,0.0014565119340620145,8.80928068886333e-13
16,3,0.125,0.03440672521771494,0.0001387367952384286,0.1536459823971052,7.306360276425293e-05,1.8378655816323535e-12
16,4,0.125,0.0017009322387046496,6.858597736994432e-06,0.009840594857477597,4.6795191284106075e-06,2.974779381614063e-12
16,5,0.125,6.704052226414134e-05,2.703246865600771e-07,0.0002981264889463192,1.4176872718727008e-07,3.4538949675597798e-12
16,6,0.125,2.2235961506723027e-06,8.966113511144244e-09,1.2842524341194134e-05,6.107033079004452e-09,4.731547698459955e-12
16,7,0.125,3.4929417613333657e-07,1.4084442586601013e-09,2.0939507225557493e-06,9.95740867504884e-10,9.05492117596337e-12
16,8,0.125,3.463851302645362e-07,1.3967142349951012e-09,2.056201909102074e-06,9.777900934724535e-10,8.866070544041916e-12
16,9,0.125,3.4702266890430845e-07,1.3992849553168691e-09,2.0581337175981235e-06,9.787087305000536e-10,6.061962836679513e-12
16,10,0.125,3.470236542974056e-07,1.3992889286761322e-09,2.0581365909610514e-06,9.787100968764749e-10,8.985510289081507e-12
16,11,0.125,3.470236542974037e-07,1.3992889286761243e-09,2.6763182274859985e-06,1.2726753332109949e-09,7.988596213815141e-12
16,12,0.125,3.470236542974037e-07,1.3992889286761243e-09,2.0581365909610514e-06,9.787100968764749e-10,9.832347716665432e-12
16,13,0.125,3.470236542974037e-07,1.3992889286761243e-09,2.0581365909610514e-06,9.787100968764749e-10,1.5257491534772473e-11
16,14,0.125,3.470236542974037e-07,1.3992889286761243e-09,2.0581351654357284e-06,9.787094189933679e-10,1.1109890468593421e-11
16,15,0.125,3.470236542974037e-07,1.3992889286761243e-09,2.0581351654357284e-06,9.787094189933679e-10,1.5792151005861097e-11
16,16,0.125,3.470236542974038e-07,1.399288928676125e-09,2.0581346866421557e-06,9.787091913116356e-10,0.0
16,17,0.125,3.470236542974037e-07,1.3992889286761243e-09,2.05813515794306e-06,9.78709415430363e-10,0.0
16,18,0.125,3.470236542974037e-07,1.3992889286761243e-09,2.0581351654357284e-06,9.787094189933679e-10,0.0
16,19,0.125,3.470236542974039e-07,1.3992889286761254e-09,2.0581351654357284e-06,9.787094189933679e-10,0.0
16,20,0.125,3.470236542974037e-07,1.3992889286761243e-09,2.0581366858692945e-06,9.787101420083948e-10,0.0
15,2,0.13333333333333333,0.5561917309342198,0.002392222497526994,3.2541924080235125,0.0016421183206459077,9.667972993440873e-13
15,3,0.13333333333333333,0.03912744784002798,0.00016829009815825375,0.1769858341757352,8.930992527614351e-05,1.2900949758348591e-12
15,4,0.13333333333333333,0.0020630161424014574,8.87318770511854e-06,0.011936608860432846,6.0234066208784e-06,2.9535405683144875e-12
15,5,0.13333333333333333,8.687952427706547e-05,3.736753730605518e-07,0.00039490178242403807,1.9927385061048044e-07,2.6656213888324507e-12
15,6,0.13333333333333333,3.060919748579e-06,1.3165246224312107e-08,1.7672929554104008e-05,8.918047171619183e-09,4.105611176786331e-12
15,7,0.13333333333333333,3.7644138337898127e-07,1.6191027234561457e-09,2.204212693573122e-06,1.112281510396338e-09,7.75683170515007e-12
15,8,0.13333333333333333,3.546879858637709e-07,1.5255397234343266e-09,2.131400607061905e-06,1.0755393494442924e-09,5.902308717083647e-12
15,9,0.13333333333333333,3.547565435970483e-07,1.5258345954052746e-09,2.1331738585343486e-06,1.0764341609258853e-09,7.066092211519123e-12
15,10,0.13333333333333333,3.547061775427678e-07,1.5256179672149218e-09,2.132936568460072e-06,1.0763144205020197e-09,8.399814068627064e-12
15,11,0.13333333333333333,3.547061766688371e-07,1.52561796345608e-09,2.6797908285210827e-06,1.3522659582646139e-09,9.572681800783939e-12
15,12,0.13333333333333333,3.5470617666883704e-07,1.5256179634560799e-09,2.132936568460072e-06,1.0763144205020197e-09,9.955932375299889e-12
15,13,0.13333333333333333,3.5470617666883704e-07,1.5256179634560799e-09,2.132936568460072e-06,1.0763144205020197e-09,1.6355927099984416e-11
15,14,0.13333333333333333,3.547061766688371e-07,1.52561796345608e-09,2.132904122881144e-06,1.0762980479361412e-09,1.1298710424683062e-11
15,15,0.13333333333333333,3.5470617666883704e-07,1.5256179634560799e-09,2.132904122881144e-06,1.0762980479361412e-09,1.480720802939946e-11
15,16,0.13333333333333333,3.547061766688372e-07,1.5256179634560805e-09,2.13291417086134e-06,1.0763031183100764e-09,0.0
15,17,0.13333333333333333,3.5470617666883704e-07,1.5256179634560799e-09,2.1328573997664345e-06,1.0762744706939126e-09,0.0
15,18,0.13333333333333333,3.5470617666883704e-07,1.5256179634560799e-09,2.1328480743816267e-06,1.0762697649533418e-09,0.0
15,19,0.13333333333333333,3.547061766688377e-07,1.5256179634560826e-09,2.132912234322147e-06,1.07630214110096e-09,0.0
15,20,0.13333333333333333,3.5470617666883704e-07,1.5256179634560799e-09,2.1329501936986326e-06,1.076321296018602e-09,0.0
14,2,0.14285714285714285,0.5960590314667463,0.0027468158134658013,3.486583286108336,0.001885272031132426,1.9195966301749547e-12
14,3,0.14285714285714285,0.044888901642826204,0.0002068612979124114,0.20391402922927154,0.00011026078671149817,1.7599881232153703e-12
14,4,0.14285714285714285,0.0025355457287095516,1.1684542529700129e-05,0.014646507084763637,7.919687526383049e-06,2.8343537982527745e-12
14,5,0.14285714285714285,0.00011435770336954467,5.269940247933667e-07,0.0005223040063085274,2.82421228474645e-07,3.0893899667851074e-12
14,6,0.14285714285714285,4.296834934377855e-06,1.9801082648740704e-08,2.477214856396204e-05,1.3394843893381693e-08,5.1785131978422094e-12
14,7,0.14285714285714285,3.717034928479415e-07,1.7129193220389262e-09,2.1299695086257603e-06,1.1517212159469549e-09,4.63809615137096e-12
14,8,0.14285714285714285,3.4018004844950824e-07,1.5676499930004027e-09,2.0256056532228038e-06,1.0952893910035283e-09,7.665662437989864e-12
14,9,0.14285714285714285,3.4077578007993366e-07,1.5703953000533091e-09,2.0274720724929613e-06,1.096298604826819e-09,7.535071942895137e-12
14,10,0.14285714285714285,3.4083444010610255e-07,1.5706656227545735e-09,2.028274612354888e-06,1.096732555726999e-09,6.077742889449137e-12
14,11,0.14285714285714285,3.4083444010608826e-07,1.5706656227545076e-09,2.4968935605080577e-06,1.3501250961352292e-09,1.0954623965313658e-11
14,12,0.14285714285714285,3.4083444010608805e-07,1.5706656227545065e-09,2.028274612354887e-06,1.0967325557269982e-09,1.3815991036871012e-11
14,13,0.14285714285714285,3.4083444010608805e-07,1.5706656227545065e-09,2.028274612354887e-06,1.0967325557269982e-09,1.2651637702923733e-11
14,14,0.14285714285714285,3.408344401060881e-07,1.570665622754507e-09,2.028274612354887e-06,1.0967325557269982e-09,1.3984034177832904e-11
14,15,0.14285714285714285,3.40834440106088e-07,1.5706656227545063e-09,2.028275016058376e-06,1.0967327740183265e-09,1.4948931574547822e-11
14,16,0.14285714285714285,3.408344401060885e-07,1.5706656227545088e-09,2.0282360351369977e-06,1.0967116961794248e-09,0.0
14,17,0.14285714285714285,3.4083444010608805e-07,1.5706656227545065e-09,2.0282746927046584e-06,1.0967325991738815e-09,0.0
14,18,0.14285714285714285,3.4083444010608805e-07,1.5706656227545065e-09,2.028274688195292e-06,1.0967325967355683e-09,0.0
14,19,0.14285714285714285,3.4083444010608953e-07,1.5706656227545133e-09,2.028274612354887e-06,1.0967325557269982e-09,0.0
14,20,0.14285714285714285,3.4083444010608805e-07,1.5706656227545065e-09,2.028334740042401e-06,1.0967650680860229e-09,0.0
13,2,0.15384615384615385,0.6420674472723711,0.0031864389474954035,3.7585722981154857,0.002188437068978804,2.1389074390339515e-12
13,3,0.15384615384615385,0.05202020695536286,0.0002581647990464511,0.23663631301617719,0.00013778201886145063,2.499031824265294e-12
13,4,0.15384615384615385,0.003163964768596546,1.5702058420791625e-05,0.018253460884225126,1.0628118143748818e-05,2.0800318960645883e-12
13,5,0.15384615384615385,0.00015369942198620025,7.62776288542474e-07,0.0007035412679615401,4.096384659503168e-07,4.751088315889439e-12
13,6,0.15384615384615385,6.206701543279196e-06,3.080248907961682e-08,3.569074075865658e-05,2.0781013081674355e-08,5.4951522730876014e-12
13,7,0.15384615384615385,3.7068624478713133e-07,1.8396339710234012e-09,2.0912793091229794e-06,1.2176520228087124e-09,5.185593619490965e-12
13,8,0.15384615384615385,3.116243488976699e-07,1.5465228248741966e-09,1.900712086325135e-06,1.1066938340538365e-09,3.623788266450141e-12
13,9,0.15384615384615385,3.1117835812829895e-07,1.5443094711778145e-09,1.9030586118182083e-06,1.1080601037341936e-09,9.006754747711672e-12
13,10,0.15384615384615385,3.111579139200199e-07,1.5442080110869972e-09,1.9028582449266563e-06,1.10794343966654e-09,7.786534473476962e-12
13,11,0.15384615384615385,3.111579151738387e-07,1.544208017309423e-09,2.3388298575081763e-06,1.3617888794560684e-09,9.34732838366717e-12
13,12,0.15384615384615385,3.1115791517383847e-07,1.544208017309422e-09,1.9028529767945494e-06,1.1079403722849193e-09,8.201569836043372e-12
13,13,0.15384615384615385,3.1115791517383847e-07,1.544208017309422e-09,1.9028529850881247e-06,1.107940377113872e-09,7.865683215983909e-12
13,14,0.15384615384615385,3.1115791517383847e-07,1.544208017309422e-09,1.9028549575298352e-06,1.107941525572439e-09,1.4154591662877677e-11
13,15,0.15384615384615385,3.1115791517383847e-07,1.544208017309422e-09,1.9028552654239356e-06,1.107941704844463e-09,1.3243524155704006e-11
13,16,0.15384615384615385,3.111579151738388e-07,1.5442080173094235e-09,1.9028489995233683e-06,1.10793805650994e-09,0.0
13,17,0.15384615384615385,3.1115791517383847e-07,1.544208017309422e-09,1.9028493152736264e-06,1.107938240356229e-09,0.0
13,18,0.15384615384615385,3.1115791517383847e-07,1.544208017309422e-09,1.9028555875063956e-06,1.1079418923776907e-09,0.0
13,19,0.15384615384615385,3.111579151738394e-07,1.5442080173094266e-09,1.9028526355016113e-06,1.107940173566348e-09,0.0
13,20,0.15384615384615385,3.1115791517383847e-07,1.544208017309422e-09,1.9028520410495582e-06,1.1079398274453198e-09,0.0
12,2,0.16666666666666666,0.6957400277457543,0.003740537805935873,4.124127794157181,0.0026081547127885505,1.1110382048073086e-12
12,3,0.16666666666666666,0.06099118704643725,0.0003279096097364035,0.2754161908043809,0.0001741769585904688,2.484814757992838e-12
12,4,0.16666666666666666,0.004018059096315837,2.160246838887679e-05,0.022975872174525756,1.453025519173153e-05,2.3489496734294027e-12
12,5,0.16666666666666666,0.00021142690753217652,1.1367038107303153e-06,0.0009469057675750475,5.988361330040285e-07,3.0578692348204217e-12
12,6,0.16666666666666666,9.21889085789664e-06,4.9563929639765375e-08,5.241386963343416e-05,3.314724662354047e-08,4.432937554841576e-12
12,7,0.16666666666666666,4.742199299331269e-07,2.5495695310078365e-09,2.303799438436191e-06,1.4569542125221456e-09,3.594715166888766e-12
12,8,0.16666666666666666,3.298065739065059e-07,1.7731536337510908e-09,1.7458888923698474e-06,1.1041239675188525e-09,6.118227639886013e-12
12,9,0.16666666666666666,3.2902330711046744e-07,1.7689425219192633e-09,1.7246218360131216e-06,1.0906743907762218e-09,5.289145238746012e-12
12,10,0.16666666666666666,3.2951656306052244e-07,1.7715944356450864e-09,1.7242258248186171e-06,1.090423947891128e-09,4.886572404361588e-12
12,11,0.16666666666666666,3.2951656305980505e-07,1.7715944356412295e-09,2.120331977032204e-06,1.3409268855362826e-09,7.82260468143492e-12
12,12,0.16666666666666666,3.295165630598031e-07,1.771594435641219e-09,1.724225937827121e-06,1.0904240193592485e-09,9.618802829574126e-12
12,13,0.16666666666666666,3.295165630598031e-07,1.771594435641219e-09,1.724225937827121e-06,1.0904240193592485e-09,9.146556042971762e-12
12,14,0.16666666666666666,3.295165630598031e-07,1.771594435641219e-09,1.724225937827121e-06,1.0904240193592485e-09,8.636170381200534e-12
12,15,0.16666666666666666,3.295165630598031e-07,1.771594435641219e-09,1.724225937827121e-06,1.0904240193592485e-09,8.918100609747358e-12
12,16,0.16666666666666666,3.2951656305980315e-07,1.7715944356412193e-09,1.724226681892015e-06,1.090424489916044e-09,0.0
12,17,0.16666666666666666,3.295165630598031e-07,1.771594435641219e-09,1.7242259835718712e-06,1.090424048288853e-09,0.0
12,18,0.16666666666666666,3.295165630598031e-07,1.771594435641219e-09,1.7242259378271212e-06,1.0904240193592485e-09,0.0
12,19,0.16666666666666666,3.295165630598033e-07,1.7715944356412202e-09,1.724225937827121e-06,1.0904240193592485e-09,0.0
12,20,0.16666666666666666,3.295165630598031e-07,1.771594435641219e-09,1.724225937827121e-06,1.0904240193592485e-09,0.0
11,2,0.18181818181818182,0.7591368521505579,0.004452415561369846,4.446724480388391,0.0030598900473191456,2.18361378197939e-12
11,3,0.18181818181818182,0.07249109390086743,0.0004251677067587973,0.33266221612730307,0.00022891227210869555,1.9276557455763724e-12
11,4,0.18181818181818182,0.005208816341143159,3.055024251282661e-05,0.029913486672584873,2.0584135705673778e-05,1.9157992366847234e-12
11,5,0.18181818181818182,0.0002990689708651996,1.7540702128092585e-06,0.0013841008280243592,9.524305737485246e-07,2.411904277188991e-12
11,6,0.18181818181818182,1.4305399143164297e-05,8.390263438824515e-08,8.164694465138268e-05,5.6183079125910226e-08,2.6865001653056957e-12
11,7,0.18181818181818182,6.548569717580598e-07,3.840803358797889e-09,3.1614091779808214e-06,2.175435991564289e-09,3.148465912124552e-12
11,8,0.18181818181818182,2.702967519071768e-07,1.5853181952238518e-09,1.6207331517196384e-06,1.1152625403663315e-09,3.683747574703195e-12
11,9,0.18181818181818182,2.688597359777828e-07,1.5768899492918506e-09,1.607330634631226e-06,1.1060399701736588e-09,4.144107854048906e-12
11,10,0.18181818181818182,2.6896123179051257e-07,1.577485232651803e-09,1.6074362361011624e-06,1.1061126368945824e-09,4.54883979267056e-12
11,11,0.18181818181818182,2.689974783267531e-07,1.5776978223074706e-09,1.9497231010008945e-06,1.3416478439563169e-09,7.016092995718622e-12
11,12,0.18181818181818182,2.6899747832674963e-07,1.5776978223074501e-09,1.607436241409206e-06,1.1061126405471653e-09,5.9544207996232164e-12
11,13,0.18181818181818182,2.6899747832674963e-07,1.5776978223074501e-09,1.607436241409206e-06,1.1061126405471653e-09,5.7562451535138086e-12
11,14,0.18181818181818182,2.689974783267497e-07,1.5776978223074504e-09,1.607436241409206e-06,1.1061126405471653e-09,7.417102630778859e-12
11,15,0.18181818181818182,2.6899747832674963e-07,1.5776978223074501e-09,1.6074690311726692e-06,1.106135203912923e-09,8.117485335926924e-12
11,16,0.18181818181818182,2.689974783267501e-07,1.5776978223074528e-09,1.6074665026652962e-06,1.1061334639907445e-09,0.0
11,17,0.18181818181818182,2.689974783267497e-07,1.5776978223074504e-09,1.6074150655614365e-06,1.1060980689751871e-09,0.0
11,18,0.18181818181818182,2.689974783267497e-07,1.5776978223074504e-09,1.607436241409206e-06,1.1061126405471653e-09,0.0
11,19,0.18181818181818182,2.689974783267509e-07,1.5776978223074576e-09,1.607436241409206e-06,1.1061126405471653e-09,0.0
11,20,0.18181818181818182,2.6899747832674963e-07,1.5776978223074501e-09,1.6074276643219583e-06,1.106106738462604e-09,0.0
10,2,0.2,0.8351018950573988,0.005387754167310818,4.8851102139493925,0.0036988795714641173,7.777483096252435e-12
10,3,0.2,0.08756274653687177,0.0005649209459916097,0.40635491517670846,0.00030768147056727435,9.243801400325492e-13
10,4,0.2,0.0069193212194297365,4.4640782107652154e-05,0.039567212092157494,2.995927340381302e-05,1.8916602815325727e-12
10,5,0.2,0.0004369598162827866,2.8190955918776117e-06,0.0020487091944308895,1.5512298096187088e-06,1.7043102354462866e-12
10,6,0.2,2.297743947620939e-05,1.482415451632646e-07,0.00013031655501098582,9.867233737681009e-08,1.7255810451069922e-12
10,7,0.2,9.99994986370828e-07,6.451580563996972e-09,4.8979035751891985e-06,3.7085663749276616e-09,2.1655437028811858e-12
10,8,0.2,2.849829355331202e-07,1.8385995860128005e-09,1.6861389315343083e-06,1.2767009494879736e-09,2.0822049981496517e-12
10,9,0.2,2.796893962006162e-07,1.804447719315669e-09,1.664866204109981e-06,1.2605937884510572e-09,3.2376656910873816e-12
10,10,0.2,2.8020877715623714e-07,1.8077985641941567e-09,1.6655388308999776e-06,1.2611030841237797e-09,3.621465072625246e-12
10,11,0.2,2.802087796410883e-07,1.8077985802254545e-09,1.9568487186869018e-06,1.4816754245028582e-09,3.888220706767511e-12
10,12,0.2,2.802087771376251e-07,1.8077985640740793e-09,1.6655396441998422e-06,1.2611036999334796e-09,5.2494954594367e-12
10,13,0.2,2.8020877713762507e-07,1.8077985640740789e-09,1.6655396441998422e-06,1.2611036999334796e-09,4.804565658153254e-12
10,14,0.2,2.802087771376252e-07,1.8077985640740795e-09,1.665539637971716e-06,1.261103695217703e-09,4.928739818113659e-12
10,15,0.2,2.8020877713762507e-07,1.8077985640740789e-09,1.665539637971716e-06,1.261103695217703e-09,9.992711181438147e-12
10,16,0.2,2.8020877713762597e-07,1.8077985640740846e-09,1.6655388593598435e-06,1.2611031056728568e-09,0.0
10,17,0.2,2.802087771376251e-07,1.8077985640740793e-09,1.6655310177816718e-06,1.2610971682319318e-09,0.0
10,18,0.2,2.802087771376251e-07,1.8077985640740793e-09,1.6655396384161928e-06,1.2611036955542494e-09,0.0
10,19,0.2,2.8020877713762756e-07,1.807798564074095e-09,1.665539637971716e-06,1.261103695217703e-09,0.0
10,20,0.2,2.8020877713762507e-07,1.8077985640740789e-09,1.6655396441998422e-06,1.2611036999334796e-09,0.0
9,2,0.2222222222222222,0.9276440218419202,0.006649777922973953,5.437298949664165,0.004573059955021066,1.8310655459670945e-11
9,3,0.2222222222222222,0.10784386538406539,0.0007730743025058166,0.5021735549968938,0.0004223548854102835,1.401436423145231e-12
9,4,0.2222222222222222,0.009466295862837936,6.785875158883574e-05,0.05394464839764011,4.5370341719058175e-05,1.7769216219410407e-12
9,5,0.2222222222222222,0.0006643808067663275,4.762586420284415e-06,0.0031300407503099667,2.6325320982600547e-06,1.9394503072746067e-12
9,6,0.2222222222222222,3.8823178015025725e-05,2.7830235088605983e-07,0.00021931125597685796,1.8445252535821835e-07,1.746957647703889e-12
9,7,0.2222222222222222,1.948334674299511e-06,1.3966556781119824e-08,9.247590568403116e-06,7.777719507478398e-09,2.7657517633575753e-12
9,8,0.2222222222222222,2.3624210595916641e-07,1.6934917960931408e-09,1.3790270962292241e-06,1.159835728922788e-09,4.02121747070309e-12
9,9,0.2222222222222222,2.2362257167977938e-07,1.6030291849261373e-09,1.2948076046895131e-06,1.0890026208377017e-09,2.311587589506153e-12
9,10,0.2222222222222222,2.232528482059186e-07,1.6003788374477988e-09,1.2954989851519583e-06,1.0895841088772156e-09,3.59172976730936e-12
9,11,0.2222222222222222,2.232504995991044e-07,1.6003620015566864e-09,1.583237643752506e-06,1.331587748798268e-09,3.637064405621986e-12
9,12,0.2222222222222222,2.2325049959888737e-07,1.6003620015551304e-09,1.2956033315649865e-06,1.0896718698054424e-09,4.674362723856381e-12
9,13,0.2222222222222222,2.2325049959888723e-07,1.6003620015551296e-09,1.2956033336244764e-06,1.0896718715375839e-09,5.991883009922428e-12
9,14,0.2222222222222222,2.2325049959888731e-07,1.6003620015551302e-09,1.2956033346026084e-06,1.0896718723602454e-09,5.018061702614764e-12
9,15,0.2222222222222222,2.232504995988872e-07,1.6003620015551294e-09,1.2956570871949838e-06,1.0897170811725522e-09,8.242619529787952e-12
9,16,0.2222222222222222,2.2325049959888784e-07,1.600362001555134e-09,1.2956029144508302e-06,1.0896715189900722e-09,0.0
9,17,0.2222222222222222,2.232504995988873e-07,1.60036200155513e-09,1.2956535810855484e-06,1.0897141323465254e-09,0.0
9,18,0.2222222222222222,2.2325049959888726e-07,1.6003620015551298e-09,1.2956536791797704e-06,1.089714214849026e-09,0.0
9,19,0.2222222222222222,2.2325442573640513e-07,1.6003901459100484e-09,1.2956033346026084e-06,1.0896718723602454e-09,0.0
9,20,0.2222222222222222,2.2325049959888723e-07,1.6003620015551296e-09,1.2956027240850517e-06,1.0896713588822454e-09,0.0
8,2,0.25,1.0425159500013466,0.008407386685294468,6.345549438410183,0.00627376128518917,5.430245252683299e-11
8,3,0.25,0.13601941162894116,0.0010969307378647494,0.6522918962137794,0.0006449124200872877,9.30568334111935e-13
8,4,0.25,0.013427954534800304,0.00010828995581935577,0.07381402101527292,7.29789519165392e-05,5.421966034811418e-13
8,5,0.25,0.001060467172503141,8.552154608553723e-06,0.005097131050581754,5.0394664419614446e-06,8.92917511446773e-13
8,6,0.25,6.973612967322269e-05,5.623881419731407e-07,0.0003700955128897875,3.659085668036188e-07,9.791484653731632e-13
8,7,0.25,3.9565866322428055e-06,3.19079566802688e-08,1.923908833414764e-05,1.9021433640165708e-08,1.2592649371746767e-12
8,8,0.25,2.688110049803414e-07,2.1678306831942742e-09,1.5770065329405376e-06,1.5591656213353107e-09,1.4897186629621507e-12
8,9,0.25,1.9271672251373717e-07,1.5541671155184624e-09,1.2205661941416777e-06,1.206757745588579e-09,1.703459728631371e-12
8,10,0.25,1.9137292177647257e-07,1.54333001280924e-09,1.1953813231461942e-06,1.181857794818747e-09,1.8516674067165822e-12
8,11,0.25,1.913688917566452e-07,1.5432975126493736e-09,1.3797801001783262e-06,1.3641704408092988e-09,1.9311350984465594e-12
8,12,0.25,1.9136889174619307e-07,1.5432975125650822e-09,1.195376588164167e-06,1.1818531134042823e-09,3.063251641320251e-12
8,13,0.25,1.91368891746184e-07,1.5432975125650092e-09,1.1953773977109803e-06,1.1818539137925708e-09,2.6833730722893407e-12
8,14,0.25,1.9136889174618404e-07,1.5432975125650094e-09,1.195376588164167e-06,1.1818531134042823e-09,3.6290860536660822e-12
8,15,0.25,1.91368891746184e-07,1.5432975125650092e-09,1.195376588164167e-06,1.1818531134042823e-09,4.327664714254514e-12
8,16,0.25,1.9136889174618415e-07,1.5432975125650105e-09,1.1953765851323871e-06,1.1818531104068014e-09,0.0
8,17,0.25,1.91368891746184e-07,1.5432975125650092e-09,1.1953763496859286e-06,1.181852877623984e-09,0.0
8,18,0.25,1.91368891746184e-07,1.5432975125650092e-09,1.1953773977109803e-06,1.1818539137925708e-09,0.0
8,19,0.25,1.9136889174618438e-07,1.5432975125650123e-09,1.195376588164167e-06,1.1818531134042823e-09,0.0
8,20,0.25,1.91368891746184e-07,1.5432975125650092e-09,1.195376588164167e-06,1.1818531134042823e-09,0.0
7,2,0.2857142857142857,1.1880191171424248,0.010949484937731006,6.9632952150140985,0.007530132713018867,1.8141244173000165e-10
7,3,0.2857142857142857,0.17672788231988576,0.001628828406560651,0.8449509253781359,0.0009137329967522542,1.1763889540734923e-12
7,4,0.2857142857142857,0.019933957888833148,0.00018372311396650364,0.11195944877193471,0.0001210733541658981,8.160129437894151e-13
7,5,0.2857142857142857,0.001799370464057021,1.658405955703861e-05,0.008747231238319154,9.45928760193664e-06,9.870576964700034e-13
7,6,0.2857142857142857,0.0001352639994040036,1.2466728040991919e-06,0.0007491103421615902,8.100906422880027e-07,1.3018481871300448e-12
7,7,0.2857142857142857,8.703203967844928e-06,8.021386136035917e-08,4.238478291968474e-05,4.583505804975054e-08,1.3201942313385237e-12
7,8,0.2857142857142857,5.212440717771615e-07,4.804092821783597e-09,2.893291486152719e-06,3.1288159119264703e-09,1.8545673138688005e-12
7,9,0.2857142857142857,1.737250504808898e-07,1.6011525371093989e-09,1.007725965658019e-06,1.089758515967876e-09,2.3803565889695665e-12
7,10,0.2857142857142857,1.7048725011156275e-07,1.5713110590862163e-09,1.0018244678302448e-06,1.083376614802331e-09,1.9998251220740877e-12
7,11,0.2857142857142857,1.70306368764664e-07,1.569643949900172e-09,1.1800593831048323e-06,1.2761204989360155e-09,2.4815272348369605e-12
7,12,0.2857142857142857,1.7030590799483146e-07,1.5696397031736098e-09,1.0018070856600907e-06,1.0833578176604523e-09,3.457766203687578e-12
7,13,0.2857142857142857,1.7030590799476274e-07,1.5696397031729764e-09,1.0018070856600835e-06,1.0833578176604444e-09,4.178144800995914e-12
7,14,0.2857142857142857,1.703059079947628e-07,1.569639703172977e-09,1.0018070856600835e-06,1.0833578176604444e-09,2.7323191730913314e-12
7,15,0.2857142857142857,1.703059079947627e-07,1.569639703172976e-09,1.0018070856600835e-06,1.0833578176604444e-09,3.500378469710852e-12
7,16,0.2857142857142857,1.703059079947636e-07,1.5696397031729843e-09,1.0018070836313335e-06,1.0833578154665468e-09,0.0
7,17,0.2857142857142857,1.7030590799476277e-07,1.5696397031729768e-09,1.0018070856600835e-06,1.0833578176604444e-09,0.0
7,18,0.2857142857142857,1.7030590799476274e-07,1.5696397031729764e-09,1.0018070856920169e-06,1.0833578176949773e-09,0.0
7,19,0.2857142857142857,1.7030590799476526e-07,1.5696397031729998e-09,1.0018070856600835e-06,1.0833578176604444e-09,0.0
7,20,0.2857142857142857,1.7030590799476272e-07,1.5696397031729762e-09,1.0018092826075995e-06,1.0833601934474602e-09,0.0
6,2,0.3333333333333333,1.3757010456746261,0.01479248429084003,7.981180806860236,0.01008504685349166,7.317335245616253e-10
6,3,0.3333333333333333,0.2385029887725526,0.0025645482540185677,1.1960626713918636,0.001511348805721972,4.2078949812221553e-13
6,4,0.3333333333333333,0.03138359410060435,0.000337457999456293,0.17385589858294104,0.00021968489693376754,6.115667827931531e-13
6,5,0.3333333333333333,0.003306312906954967,3.555175151644145e-05,0.016864219491103165,2.1309684347603456e-05,8.457928787837784e-13
6,6,0.3333333333333333,0.0002901333779611104,3.119713726490219e-06,0.001561871952608353,1.973586641173506e-06,9.54193550684708e-13
6,7,0.3333333333333333,2.1781619422624602e-05,2.34210960405446e-07,0.00010908947739613392,1.3784582975707992e-07,8.255925727192231e-13
6,8,0.3333333333333333,1.4629745938541667e-06,1.5730909535562178e-08,7.71988225010791e-06,9.754869120225443e-09,1.1513451055210545e-12
6,9,0.3333333333333333,1.4429498984745625e-07,1.5515590231442297e-09,9.126899450781536e-07,1.1532780777140331e-09,9.490000475663025e-13
6,10,0.3333333333333333,1.4000437562910333e-07,1.5054233866099737e-09,8.477034849098195e-07,1.0711609685418068e-09,1.6243455813066527e-12
6,11,0.3333333333333333,1.396075984789142e-07,1.5011569656607486e-09,9.542260755694473e-07,1.2057632716038119e-09,1.8183888814437037e-12
6,12,0.3333333333333333,1.3957950156735521e-07,1.5008548483336127e-09,8.421489046868137e-07,1.0641421823300797e-09,1.9530969354052423e-12
6,13,0.3333333333333333,1.395794312746933e-07,1.500854092498542e-09,8.421468227815174e-07,1.06413955162756e-09,2.8538164215977658e-12
6,14,0.3333333333333333,1.3957943127468769e-07,1.5008540924984815e-09,8.421468227815159e-07,1.0641395516275582e-09,1.75755422529456e-12
6,15,0.3333333333333333,1.3957943127468734e-07,1.5008540924984778e-09,8.421468227815162e-07,1.0641395516275586e-09,2.06309716483467e-12
6,16,0.3333333333333333,1.3957943127468962e-07,1.5008540924985024e-09,8.421464862017348e-07,1.0641391263242172e-09,0.0
6,17,0.3333333333333333,1.3957943127468755e-07,1.50085409249848e-09,8.421468277842213e-07,1.0641395579489936e-09,0.0
6,18,0.3333333333333333,1.395794312746875e-07,1.5008540924984797e-09,8.421468227815164e-07,1.064139551627559e-09,0.0
6,19,0.3333333333333333,1.3957943127469407e-07,1.5008540924985502e-09,8.421468227815159e-07,1.0641395516275582e-09,0.0
6,20,0.3333333333333333,1.3957943127468737e-07,1.5008540924984782e-09,8.421478592950717e-07,1.064140861369566e-09,0.0
5,2,0.4,1.6186002538040118,0.02088516457417379,9.460499965153408,0.014325013081099647,3.797001520717864e-09
5,3,0.4,0.3382909072631568,0.004365043966558706,1.7094774378645676,0.002588477009614105,5.842649646437261e-13
5,4,0.4,0.05344980308975292,0.0006896748788733604,0.290947370875028,0.0004405501727232174,3.590610125646563e-13
5,5,0.4,0.00676264068729751,8.725987987353556e-05,0.034881085992315215,5.281666032063398e-05,7.051598877145946e-13
5,6,0.4,0.0007128021330960854,9.197446882605309e-06,0.0037862844978410444,5.733161583438393e-06,4.491659618225732e-13
5,7,0.4,6.438386920574988e-05,8.307596030112727e-07,0.00033143792249849314,5.018606408595252e-07,6.885527535386683e-13
5,8,0.4,5.078514616128807e-06,6.55292208813901e-08,2.6817492463279534e-05,4.060683174819303e-08,8.020192480067764e-13
5,9,0.4,4.028833269159711e-07,5.198494543081643e-09,2.0300773189929157e-06,3.0739267752585053e-09,1.0073292360716116e-12
5,10,0.4,1.1310185533994875e-07,1.459378779206127e-09,6.562311361784598e-07,9.936599169818701e-10,8.826380501213228e-13
5,11,0.4,1.0164036418727012e-07,1.3114885707210153e-09,6.813286122376411e-07,1.031662313702404e-09,1.2824902409819215e-12
5,12,0.4,1.0184343577340629e-07,1.3141088492529287e-09,6.211897201131627e-07,9.406004861521489e-10,1.1916895493053477e-12
5,13,0.4,1.0187829796667185e-07,1.3145586840049355e-09,6.211907055676366e-07,9.406019783194004e-10,1.6733362426332753e-12
5,14,0.4,1.0187829796648118e-07,1.314558684002475e-09,6.2119070556761e-07,9.4060197831936e-10,1.7029540453741528e-12
5,15,0.4,1.0187829796647858e-07,1.3145586840024418e-09,6.211907056403652e-07,9.406019784295254e-10,1.6992305065344907e-12
5,16,0.4,1.0187829796648018e-07,1.3145586840024625e-09,6.211874897614638e-07,9.405971089715159e-10,0.0
5,17,0.4,1.0187829796647874e-07,1.3145586840024439e-09,6.211907055676097e-07,9.406019783193596e-10,0.0
5,18,0.4,1.0187829796647869e-07,1.314558684002443e-09,6.211907055676099e-07,9.4060197831936e-10,0.0
5,19,0.4,1.018782979664833e-07,1.3145586840025026e-09,6.211907055676097e-07,9.406019783193596e-10,0.0
5,20,0.4,1.0187829796647861e-07,1.314558684002442e-09,6.211907055676097e-07,9.406019783193596e-10,0.0
4,2,0.5,2.4122526098944936,0.056866898606152606,15.785647041900436,0.03224715572081831,2.429811063351932e-08
4,3,0.5,0.2654712450678298,0.0062582692684004,0.7757303272461328,0.0015846735071213033,8.538512495824432e-12
4,4,0.5,0.1382610344675168,0.0032593917386578913,0.7419679327006308,0.0015157031829067416,1.8844463915202262e-13
4,5,0.5,0.005027513012198856,0.00011851954125083515,0.018776022358954852,3.835593911479542e-05,6.053961453704485e-13
4,6,0.5,0.0029527485714470024,6.960865248241261e-05,0.014407204121783326,2.943125192040466e-05,3.0661020445093307e-13
4,7,0.5,5.4153485728705726e-05,1.2766245000513161e-06,0.00019187222133513029,3.919594416035017e-07,5.099665900134066e-13
4,8,0.5,3.3262957029207626e-05,7.841472310826907e-07,0.0001563617052352142,3.19418028548902e-07,5.846680745757725e-13
4,9,0.5,3.891412495786289e-07,9.173689311181758e-09,1.5335890750805635e-06,3.1328386846989132e-09,4.924163117829704e-13
4,10,0.5,2.8432138609930264e-07,6.702646053133292e-09,1.3574884435339482e-06,2.7730976824489045e-09,6.208217294308873e-13
4,11,0.5,1.1913243710010694e-07,2.8084505716720703e-09,7.040890614042001e-07,1.4383236584575632e-09,8.521486907196361e-13
4,12,0.5,1.1986040125054045e-07,2.8256117360384455e-09,6.888896310737664e-07,1.4072740349969454e-09,8.858113011572722e-13
4,13,0.5,1.2054833435335864e-07,2.841829200928032e-09,6.890766511666675e-07,1.4076560824380605e-09,9.30881889516444e-13
4,14,0.5,1.205483343415599e-07,2.841829200649886e-09,6.890766511663177e-07,1.4076560824373458e-09,9.711916697920652e-13
4,15,0.5,1.2054833433801268e-07,2.8418292005662635e-09,6.890766511662116e-07,1.407656082437129e-09,1.5016504478171708e-12
4,16,0.5,1.205483343380126e-07,2.8418292005662614e-09,6.891102895528374e-07,1.4077247994361119e-09,0.0
4,17,0.5,1.2054833433801257e-07,2.841829200566261e-09,6.890766511662116e-07,1.407656082437129e-09,0.0
4,18,0.5,1.2054833433801257e-07,2.841829200566261e-09,6.890766511662117e-07,1.4076560824371293e-09,0.0
4,19,0.5,1.2054833433801257e-07,2.841829200566261e-09,6.890766511662116e-07,1.407656082437129e-09,0.0
4,20,0.5,1.2054833433801257e-07,2.841829200566261e-09,6.890766511662116e-07,1.407656082437129e-09,0.0
3,2,0.6666666666666666,2.1925599659843984,0.04715182707675399,13.240194590782906,0.03344338491493268,3.6777131931250035e-07
3,3,0.6666666666666666,0.8500939658385903,0.018281590605535324,4.837454249913087,0.012218917431987232,1.224693604401577e-10
3,4,0.6666666666666666,0.22613342798951935,0.004863084457554713,1.1613519208131455,0.002933456834274051,1.9007980269819883e-13
3,5,0.6666666666666666,0.048077786780937104,0.0010339308952537565,0.27362323392148397,0.0006911444594685334,2.360143782003172e-13
3,6,0.6666666666666666,0.008504915133602577,0.00018290140014576474,0.04219319608842495,0.00010657572197305513,2.53599880619116e-13
3,7,0.6666666666666666,0.0012876308960466875,2.76909869244193e-05,0.007161975507429903,1.8090421708230756e-05,2.379312443791827e-13
3,8,0.6666666666666666,0.00017030782836310377,3.662533931740916e-06,0.0008615537364014141,2.1761971120446485e-06,4.578911878792031e-13
3,9,0.6666666666666666,1.9997553917828233e-05,4.3005492160765405e-07,0.00011130419842972404,2.811430848096922e-07,4.3738658181278843e-13
3,10,0.6666666666666666,2.1044069093705037e-06,4.525606242436991e-08,1.0419431160910609e-05,2.6318423382656074e-08,4.638786052715899e-13
3,11,0.6666666666666666,1.8859429311203512e-07,4.055791236929213e-09,1.1563465425783184e-06,2.9208137579352275e-09,3.7911847119519716e-13
3,12,0.6666666666666666,6.660002804837902e-08,1.4322586631897294e-09,4.2461074605316645e-07,1.0725235586158475e-09,5.784336100314986e-13
3,13,0.6666666666666666,6.695111284778254e-08,1.4398088739057768e-09,4.327605349612751e-07,1.093109096506587e-09,4.946440957588307e-13
3,14,0.6666666666666666,6.705525359199439e-08,1.442048459795742e-09,4.32099458733258e-07,1.0914392851907414e-09,5.572891904359018e-13
3,15,0.6666666666666666,6.703505328314458e-08,1.4416140445530303e-09,4.3209893850807177e-07,1.0914379711548316e-09,5.925936364958205e-13
3,16,0.6666666666666666,6.703505328058178e-08,1.4416140444979163e-09,4.3209893850750945e-07,1.091437971153411e-09,0.0
3,17,0.6666666666666666,6.703505328050404e-08,1.4416140444962444e-09,4.3209893850749224e-07,1.0914379711533677e-09,0.0
3,18,0.6666666666666666,6.703505328050396e-08,1.4416140444962427e-09,4.320989385074923e-07,1.0914379711533679e-09,0.0
3,19,0.6666666666666666,6.703505328050883e-08,1.4416140444963474e-09,4.3209893850749224e-07,1.0914379711533677e-09,0.0
3,20,0.6666666666666666,6.703505328050383e-08,1.4416140444962398e-09,4.3209893850749224e-07,1.0914379711533677e-09,0.0
2,2,1.0,2.8277024354728932,0.11898500329179537,10.313057867126046,0.04090765855974985,2.254645188075443e-05
2,3,1.0,1.6537551587165253,0.06958725944259478,12.012520391924241,0.04764872736739618,3.356021177099179e-11
2,4,1.0,0.4787570636348254,0.020145298910503436,1.7311491574229563,0.006866756645824162,6.625740043843577e-13
2,5,1.0,0.2664335824501517,0.011211080871589124,1.4431811436430209,0.005724505983061061,1.446025253073488e-13
2,6,1.0,0.0274422724348789,0.001154725064079223,0.1257428505511596,0.0004987701671948373,1.0592355164399033e-13
2,7,1.0,0.017227178885775154,0.0007248909611981533,0.09854556735840402,0.00039088973164055565,1.3814977130413528e-13
2,8,1.0,0.000982824375744002,4.135561087197636e-05,0.004346235098322851,1.7239726928065633e-05,2.564723195091987e-13
2,9,1.0,0.0006265589557146235,2.6364556069613712e-05,0.003324188521960446,1.3185688551022597e-05,1.8246144732878004e-13
2,10,1.0,2.2629299821962e-05,9.522032021579677e-07,9.920541762820377e-05,3.935070862491795e-07,1.9605701138758578e-13
2,11,1.0,1.4606605599838003e-05,6.146216071310315e-07,7.389303193825424e-05,2.9310326378660766e-07,2.224710384337101e-13
2,12,1.0,3.751259190459633e-07,1.5784673151104474e-08,1.6369794084238286e-06,6.493223985739596e-09,2.087027001411663e-13
2,13,1.0,2.2431399477871462e-07,9.438758856773982e-09,1.1503306082171126e-06,4.562888365222424e-09,3.057503498660271e-13
2,14,1.0,5.7852059425291825e-08,2.434318192325748e-09,3.5366239561785877e-07,1.4028332538960354e-09,2.8552107367040854e-13
2,15,1.0,5.489512574922364e-08,2.309895353922755e-09,3.447393361192483e-07,1.367439147125721e-09,2.9409782682333355e-13
2,16,1.0,5.714793545137711e-08,2.4046898296299175e-09,3.5094314675036105e-07,1.3920471121286003e-09,0.0
2,17,1.0,5.7139790342786326e-08,2.4043470970423832e-09,3.5094314573596746e-07,1.3920471081049182e-09,0.0
2,18,1.0,5.713978989822486e-08,2.4043470783359782e-09,3.509430853151855e-07,1.3920468684405287e-09,0.0
2,19,1.0,5.7139789898139365e-08,2.404347078332381e-09,3.5094308531512517e-07,1.3920468684402894e-09,0.0
2,20,1.0,5.7139789898113854e-08,2.404347078331307e-09,3.5094308531510686e-07,1.3920468684402166e-09,0.0
1,2,2.0,1.0000000004637364,0.07790494816650147,8.885765874638905,0.06937211954882971,4.944445155600972e-16
1,3,2.0,1.3363463728713225,0.10410799486275396,5.404488322675754,0.04219341532405077,7.110982265627087e-08
1,4,2.0,1.343041663483871,0.10462959113064234,5.836557893283812,0.04556662843010189,4.430169796297227e-09
1,5,2.0,0.9858671747694076,0.07680393111384916,8.114574081689234,0.06335134317340502,2.7031361559099566e-14
1,6,2.0,0.7864831830645449,0.06127093158205489,3.5154941950809837,0.027445837197942764,1.064357850023044e-13
1,7,2.0,0.43702506608249436,0.03404641510483004,2.8468142214758134,0.02222538150247563,8.62448567578817e-14
1,8,2.0,0.11883910015999856,0.00925815393382502,0.6044003434779667,0.004718617784289878,1.4639594315954788e-13
1,9,2.0,0.07721837768525965,0.00601569370828179,0.4479591258933847,0.0034972645546693507,1.2134413908076488e-13
1,10,2.0,0.012150701517065595,0.0009465997714346531,0.06228522015967763,0.00048626734037350756,1.5634616378272337e-13
1,11,2.0,0.008148010497281016,0.0006347703351564213,0.04584695756611151,0.0003579320754223291,1.70864323560049e-13
1,12,2.0,0.0008645948763028093,6.735621899215758e-05,0.004188843173464776,3.2702744310456686e-05,2.399275847769336e-13
1,13,2.0,0.0005790830978892027,4.511343870423469e-05,0.0031229880905864365,2.4381500281036577e-05,2.320381719853799e-13
1,14,2.0,4.4284573493563434e-05,3.4499874009917994e-06,0.00022226043640049783,1.735210873488941e-06,2.7572490838039253e-13
1,15,2.0,2.970008765541271e-05,2.3137837882624915e-06,0.00016185257983482057,1.2636003104283858e-06,3.4919121116355466e-13
1,16,2.0,1.7108972055758879e-06,1.3328735805679154e-07,8.20392303867109e-06,6.404889998648731e-08,0.0
1,17,2.0,1.149824660843984e-06,8.957703056207556e-08,6.4564221531385855e-06,5.0405974654767036e-08,0.0
1,18,2.0,6.368089051286333e-08,4.961056472300651e-09,3.044076104328863e-07,2.3765426008798515e-09,0.0
1,19,2.0,4.8137111675136784e-08,3.750119188197557e-09,2.5165715458293826e-07,1.9647141798855194e-09,0.0
1,20,2.0,1.8882897265956624e-08,1.4710711320555337e-09,1.334156751499099e-07,1.0415903701225407e-09,0.0
